CR2/DMC Archive                  : http://www.cr2.cl/recursos-y-publicaciones/datos-ozonosonda/
STATION                          : Easter Island, Chile
Data Provider                    : DMC Dirección Meteorológica de Chile, GAW Program
Data Compilation                 : 26 July, 2016, by CR2 Center for Climate and Resilience Research, data interpolated every 100m
Latitude (deg)                   : -27.16
Longitude (deg)                  : -109.43
Elevation (m)                    : 41.0
Launch Date                      : 20090926 
Launch Time (UT)                 : 
Highest level reached (hPa)      : 62.685
Integrated O3 until EOF (DU)     : nan
Sonde/Sage Climatology(1988-2002): 
Sonde Instrument, SN             : SPC 6A 
Radiosonde, SN                   : Vaisala, OS815N
Solution                         : 1.0% buffered
Applied pump corrections         : 
Pump flow rate (sec/100ml)       : 9000
Background current (uA)          : 9000
Missing or bad values            : 9000
Alt       Press     Temp      RH        O3        O3        O3        u         v         Theta     Theta e   Q         
km        hPa       K         %         mPa       ppbv      DU        m/s       m/s       K         K         g/kg      
 0.0     9000.000  9000.000  9000.000  9000.000  9000.000  9000.000  9000.000  9000.000  9000.000  9000.000  9000.00000
 0.1     9000.000  9000.000  9000.000  9000.000  9000.000  9000.000  9000.000  9000.000  9000.000  9000.000  9000.00000
 0.2     9000.000  9000.000  9000.000  9000.000  9000.000  9000.000  9000.000  9000.000  9000.000  9000.000  9000.00000
 0.3      984.370  9000.000    86.545  9000.000  9000.000  9000.000  9000.000  9000.000  9000.000  9000.000  9000.00000
 0.4      972.930  9000.000    90.905  9000.000  9000.000  9000.000  9000.000  9000.000  9000.000  9000.000  9000.00000
 0.5      961.620  9000.000    93.000  9000.000  9000.000  9000.000  9000.000  9000.000  9000.000  9000.000  9000.00000
 0.6      950.440  9000.000    89.371  9000.000  9000.000  9000.000  9000.000  9000.000  9000.000  9000.000  9000.00000
 0.7      939.290  9000.000    86.780  9000.000  9000.000  9000.000  9000.000  9000.000  9000.000  9000.000  9000.00000
 0.8      928.230  9000.000    83.933  9000.000  9000.000  9000.000  9000.000  9000.000  9000.000  9000.000  9000.00000
 0.9      917.380  9000.000    83.943  9000.000  9000.000  9000.000  9000.000  9000.000  9000.000  9000.000  9000.00000
 1.0      906.560  9000.000    83.811  9000.000  9000.000  9000.000  9000.000  9000.000  9000.000  9000.000  9000.00000
 1.1      895.900  9000.000    87.486  9000.000  9000.000  9000.000  9000.000  9000.000  9000.000  9000.000  9000.00000
 1.2      885.140  9000.000    90.154  9000.000  9000.000  9000.000  9000.000  9000.000  9000.000  9000.000  9000.00000
 1.3      874.660  9000.000    84.622  9000.000  9000.000  9000.000  9000.000  9000.000  9000.000  9000.000  9000.00000
 1.4      864.330  9000.000    82.275  9000.000  9000.000  9000.000  9000.000  9000.000  9000.000  9000.000  9000.00000
 1.5      854.040  9000.000    77.509  9000.000  9000.000  9000.000  9000.000  9000.000  9000.000  9000.000  9000.00000
 1.6      843.840  9000.000    69.739  9000.000  9000.000  9000.000  9000.000  9000.000  9000.000  9000.000  9000.00000
 1.7      833.700  9000.000    69.000  9000.000  9000.000  9000.000  9000.000  9000.000  9000.000  9000.000  9000.00000
 1.8      823.790  9000.000    65.905  9000.000  9000.000  9000.000  9000.000  9000.000  9000.000  9000.000  9000.00000
 1.9      813.820  9000.000    76.585  9000.000  9000.000  9000.000  9000.000  9000.000  9000.000  9000.000  9000.00000
 2.0      804.000  9000.000    77.000  9000.000  9000.000  9000.000  9000.000  9000.000  9000.000  9000.000  9000.00000
 2.1      794.360  9000.000    77.000  9000.000  9000.000  9000.000  9000.000  9000.000  9000.000  9000.000  9000.00000
 2.2      784.720  9000.000    78.400  9000.000  9000.000  9000.000  9000.000  9000.000  9000.000  9000.000  9000.00000
 2.3      775.140  9000.000    63.944  9000.000  9000.000  9000.000  9000.000  9000.000  9000.000  9000.000  9000.00000
 2.4      765.660  9000.000    36.857  9000.000  9000.000  9000.000  9000.000  9000.000  9000.000  9000.000  9000.00000
 2.5      756.410  9000.000    29.211  9000.000  9000.000  9000.000  9000.000  9000.000  9000.000  9000.000  9000.00000
 2.6      747.090  9000.000    23.545  9000.000  9000.000  9000.000  9000.000  9000.000  9000.000  9000.000  9000.00000
 2.7      737.980  9000.000    20.385  9000.000  9000.000  9000.000  9000.000  9000.000  9000.000  9000.000  9000.00000
 2.8      728.940  9000.000    20.857  9000.000  9000.000  9000.000  9000.000  9000.000  9000.000  9000.000  9000.00000
 2.9      720.010  9000.000    31.077  9000.000  9000.000  9000.000  9000.000  9000.000  9000.000  9000.000  9000.00000
 3.0      711.170  9000.000    41.286  9000.000  9000.000  9000.000  9000.000  9000.000  9000.000  9000.000  9000.00000
 3.1      702.440  9000.000    46.375  9000.000  9000.000  9000.000  9000.000  9000.000  9000.000  9000.000  9000.00000
 3.2      693.760  9000.000    39.659  9000.000  9000.000  9000.000  9000.000  9000.000  9000.000  9000.000  9000.00000
 3.3      685.150  9000.000    31.744  9000.000  9000.000  9000.000  9000.000  9000.000  9000.000  9000.000  9000.00000
 3.4      676.600  9000.000    41.000  9000.000  9000.000  9000.000  9000.000  9000.000  9000.000  9000.000  9000.00000
 3.5      668.170  9000.000    49.000  9000.000  9000.000  9000.000  9000.000  9000.000  9000.000  9000.000  9000.00000
 3.6      659.910  9000.000    35.667  9000.000  9000.000  9000.000  9000.000  9000.000  9000.000  9000.000  9000.00000
 3.7      651.640  9000.000    29.000  9000.000  9000.000  9000.000  9000.000  9000.000  9000.000  9000.000  9000.00000
 3.8      643.360  9000.000    23.730  9000.000  9000.000  9000.000  9000.000  9000.000  9000.000  9000.000  9000.00000
 3.9      635.280  9000.000    15.000  9000.000  9000.000  9000.000  9000.000  9000.000  9000.000  9000.000  9000.00000
 4.0      627.260  9000.000    14.000  9000.000  9000.000  9000.000  9000.000  9000.000  9000.000  9000.000  9000.00000
 4.1      619.420  9000.000    12.229  9000.000  9000.000  9000.000  9000.000  9000.000  9000.000  9000.000  9000.00000
 4.2      611.530  9000.000    10.281  9000.000  9000.000  9000.000  9000.000  9000.000  9000.000  9000.000  9000.00000
 4.3      603.780  9000.000     6.238  9000.000  9000.000  9000.000  9000.000  9000.000  9000.000  9000.000  9000.00000
 4.4      596.070  9000.000     3.150  9000.000  9000.000  9000.000  9000.000  9000.000  9000.000  9000.000  9000.00000
 4.5      588.450  9000.000     4.611  9000.000  9000.000  9000.000  9000.000  9000.000  9000.000  9000.000  9000.00000
 4.6      581.010  9000.000     6.625  9000.000  9000.000  9000.000  9000.000  9000.000  9000.000  9000.000  9000.00000
 4.7      573.580  9000.000     7.000  9000.000  9000.000  9000.000  9000.000  9000.000  9000.000  9000.000  9000.00000
 4.8      566.180  9000.000     7.000  9000.000  9000.000  9000.000  9000.000  9000.000  9000.000  9000.000  9000.00000
 4.9      558.940  9000.000     7.378  9000.000  9000.000  9000.000  9000.000  9000.000  9000.000  9000.000  9000.00000
 5.0      551.740  9000.000     8.000  9000.000  9000.000  9000.000  9000.000  9000.000  9000.000  9000.000  9000.00000
 5.1      544.620  9000.000     8.833  9000.000  9000.000  9000.000  9000.000  9000.000  9000.000  9000.000  9000.00000
 5.2      537.510  9000.000     9.641  9000.000  9000.000  9000.000  9000.000  9000.000  9000.000  9000.000  9000.00000
 5.3      530.600  9000.000    10.000  9000.000  9000.000  9000.000  9000.000  9000.000  9000.000  9000.000  9000.00000
 5.4      523.630  9000.000    12.000  9000.000  9000.000  9000.000  9000.000  9000.000  9000.000  9000.000  9000.00000
 5.5      516.800  9000.000    10.000  9000.000  9000.000  9000.000  9000.000  9000.000  9000.000  9000.000  9000.00000
 5.6      510.080  9000.000    12.438  9000.000  9000.000  9000.000  9000.000  9000.000  9000.000  9000.000  9000.00000
 5.7      503.360  9000.000     8.000  9000.000  9000.000  9000.000  9000.000  9000.000  9000.000  9000.000  9000.00000
 5.8      496.770  9000.000    21.767  9000.000  9000.000  9000.000  9000.000  9000.000  9000.000  9000.000  9000.00000
 5.9      490.180  9000.000    31.188  9000.000  9000.000  9000.000  9000.000  9000.000  9000.000  9000.000  9000.00000
 6.0      483.710  9000.000    33.613  9000.000  9000.000  9000.000  9000.000  9000.000  9000.000  9000.000  9000.00000
 6.1      477.350  9000.000    31.382  9000.000  9000.000  9000.000  9000.000  9000.000  9000.000  9000.000  9000.00000
 6.2      470.950  9000.000    24.892  9000.000  9000.000  9000.000  9000.000  9000.000  9000.000  9000.000  9000.00000
 6.3      464.620  9000.000    23.861  9000.000  9000.000  9000.000  9000.000  9000.000  9000.000  9000.000  9000.00000
 6.4      458.470  9000.000    27.000  9000.000  9000.000  9000.000  9000.000  9000.000  9000.000  9000.000  9000.00000
 6.5      452.340  9000.000    21.944  9000.000  9000.000  9000.000  9000.000  9000.000  9000.000  9000.000  9000.00000
 6.6      446.230  9000.000    21.579  9000.000  9000.000  9000.000  9000.000  9000.000  9000.000  9000.000  9000.00000
 6.7      440.200  9000.000    29.000  9000.000  9000.000  9000.000  9000.000  9000.000  9000.000  9000.000  9000.00000
 6.8      434.260  9000.000    39.368  9000.000  9000.000  9000.000  9000.000  9000.000  9000.000  9000.000  9000.00000
 6.9      428.320  9000.000    37.486  9000.000  9000.000  9000.000  9000.000  9000.000  9000.000  9000.000  9000.00000
 7.0      422.490  9000.000    31.718  9000.000  9000.000  9000.000  9000.000  9000.000  9000.000  9000.000  9000.00000
 7.1      416.660  9000.000    37.000  9000.000  9000.000  9000.000  9000.000  9000.000  9000.000  9000.000  9000.00000
 7.2      410.960  9000.000    38.541  9000.000  9000.000  9000.000  9000.000  9000.000  9000.000  9000.000  9000.00000
 7.3      405.280  9000.000    41.000  9000.000  9000.000  9000.000  9000.000  9000.000  9000.000  9000.000  9000.00000
 7.4      399.700  9000.000    42.000  9000.000  9000.000  9000.000  9000.000  9000.000  9000.000  9000.000  9000.00000
 7.5      394.130  9000.000    49.833  9000.000  9000.000  9000.000  9000.000  9000.000  9000.000  9000.000  9000.00000
 7.6      388.680  9000.000    49.611  9000.000  9000.000  9000.000  9000.000  9000.000  9000.000  9000.000  9000.00000
 7.7      383.180  9000.000    53.486  9000.000  9000.000  9000.000  9000.000  9000.000  9000.000  9000.000  9000.00000
 7.8      377.820  9000.000    56.706  9000.000  9000.000  9000.000  9000.000  9000.000  9000.000  9000.000  9000.00000
 7.9      372.490  9000.000    49.895  9000.000  9000.000  9000.000  9000.000  9000.000  9000.000  9000.000  9000.00000
 8.0      367.320  9000.000    47.333  9000.000  9000.000  9000.000  9000.000  9000.000  9000.000  9000.000  9000.00000
 8.1      362.050  9000.000    46.553  9000.000  9000.000  9000.000  9000.000  9000.000  9000.000  9000.000  9000.00000
 8.2      356.930  9000.000    51.371  9000.000  9000.000  9000.000  9000.000  9000.000  9000.000  9000.000  9000.00000
 8.3      351.760  9000.000    53.263  9000.000  9000.000  9000.000  9000.000  9000.000  9000.000  9000.000  9000.00000
 8.4      346.800  9000.000    57.941  9000.000  9000.000  9000.000  9000.000  9000.000  9000.000  9000.000  9000.00000
 8.5      341.830  9000.000    59.000  9000.000  9000.000  9000.000  9000.000  9000.000  9000.000  9000.000  9000.00000
 8.6      336.860  9000.000    62.243  9000.000  9000.000  9000.000  9000.000  9000.000  9000.000  9000.000  9000.00000
 8.7      332.030  9000.000    66.744  9000.000  9000.000  9000.000  9000.000  9000.000  9000.000  9000.000  9000.00000
 8.8      327.150  9000.000    70.526  9000.000  9000.000  9000.000  9000.000  9000.000  9000.000  9000.000  9000.00000
 8.9      322.380  9000.000    69.825  9000.000  9000.000  9000.000  9000.000  9000.000  9000.000  9000.000  9000.00000
 9.0      317.720  9000.000    68.000  9000.000  9000.000  9000.000  9000.000  9000.000  9000.000  9000.000  9000.00000
 9.1      313.110  9000.000    66.818  9000.000  9000.000  9000.000  9000.000  9000.000  9000.000  9000.000  9000.00000
 9.2      308.450  9000.000    65.000  9000.000  9000.000  9000.000  9000.000  9000.000  9000.000  9000.000  9000.00000
 9.3      303.950  9000.000    65.805  9000.000  9000.000  9000.000  9000.000  9000.000  9000.000  9000.000  9000.00000
 9.4      299.460  9000.000    67.000  9000.000  9000.000  9000.000  9000.000  9000.000  9000.000  9000.000  9000.00000
 9.5      294.990  9000.000    69.538  9000.000  9000.000  9000.000  9000.000  9000.000  9000.000  9000.000  9000.00000
 9.6      290.560  9000.000    70.256  9000.000  9000.000  9000.000  9000.000  9000.000  9000.000  9000.000  9000.00000
 9.7      286.270  9000.000    71.769  9000.000  9000.000  9000.000  9000.000  9000.000  9000.000  9000.000  9000.00000
 9.8      281.960  9000.000    73.300  9000.000  9000.000  9000.000  9000.000  9000.000  9000.000  9000.000  9000.00000
 9.9      277.700  9000.000    75.000  9000.000  9000.000  9000.000  9000.000  9000.000  9000.000  9000.000  9000.00000
10.0      273.480  9000.000    74.000  9000.000  9000.000  9000.000  9000.000  9000.000  9000.000  9000.000  9000.00000
10.1      269.340  9000.000    74.000  9000.000  9000.000  9000.000  9000.000  9000.000  9000.000  9000.000  9000.00000
10.2      265.230  9000.000    72.902  9000.000  9000.000  9000.000  9000.000  9000.000  9000.000  9000.000  9000.00000
10.3      261.160  9000.000    72.000  9000.000  9000.000  9000.000  9000.000  9000.000  9000.000  9000.000  9000.00000
10.4      257.220  9000.000    73.103  9000.000  9000.000  9000.000  9000.000  9000.000  9000.000  9000.000  9000.00000
10.5      253.150  9000.000    72.368  9000.000  9000.000  9000.000  9000.000  9000.000  9000.000  9000.000  9000.00000
10.6      249.220  9000.000    68.762  9000.000  9000.000  9000.000  9000.000  9000.000  9000.000  9000.000  9000.00000
10.7      245.390  9000.000    68.533  9000.000  9000.000  9000.000  9000.000  9000.000  9000.000  9000.000  9000.00000
10.8      241.530  9000.000    71.857  9000.000  9000.000  9000.000  9000.000  9000.000  9000.000  9000.000  9000.00000
10.9      237.750  9000.000    70.605  9000.000  9000.000  9000.000  9000.000  9000.000  9000.000  9000.000  9000.00000
11.0      234.010  9000.000    61.868  9000.000  9000.000  9000.000  9000.000  9000.000  9000.000  9000.000  9000.00000
11.1      230.340  9000.000    50.892  9000.000  9000.000  9000.000  9000.000  9000.000  9000.000  9000.000  9000.00000
11.2      226.660  9000.000    44.027  9000.000  9000.000  9000.000  9000.000  9000.000  9000.000  9000.000  9000.00000
11.3      223.070  9000.000    46.806  9000.000  9000.000  9000.000  9000.000  9000.000  9000.000  9000.000  9000.00000
11.4      219.570  9000.000    53.676  9000.000  9000.000  9000.000  9000.000  9000.000  9000.000  9000.000  9000.00000
11.5      216.070  9000.000    49.289  9000.000  9000.000  9000.000  9000.000  9000.000  9000.000  9000.000  9000.00000
11.6      212.630  9000.000    43.216  9000.000  9000.000  9000.000  9000.000  9000.000  9000.000  9000.000  9000.00000
11.7      209.200  9000.000    40.000  9000.000  9000.000  9000.000  9000.000  9000.000  9000.000  9000.000  9000.00000
11.8      205.820  9000.000    40.000  9000.000  9000.000  9000.000  9000.000  9000.000  9000.000  9000.000  9000.00000
11.9      202.530  9000.000    40.000  9000.000  9000.000  9000.000  9000.000  9000.000  9000.000  9000.000  9000.00000
12.0      199.280  9000.000    39.000  9000.000  9000.000  9000.000  9000.000  9000.000  9000.000  9000.000  9000.00000
12.1      196.040  9000.000    38.765  9000.000  9000.000  9000.000  9000.000  9000.000  9000.000  9000.000  9000.00000
12.2      192.910  9000.000    37.000  9000.000  9000.000  9000.000  9000.000  9000.000  9000.000  9000.000  9000.00000
12.3      189.810  9000.000    36.000  9000.000  9000.000  9000.000  9000.000  9000.000  9000.000  9000.000  9000.00000
12.4      186.720  9000.000    34.111  9000.000  9000.000  9000.000  9000.000  9000.000  9000.000  9000.000  9000.00000
12.5      183.690  9000.000    30.294  9000.000  9000.000  9000.000  9000.000  9000.000  9000.000  9000.000  9000.00000
12.6      180.740  9000.000    29.000  9000.000  9000.000  9000.000  9000.000  9000.000  9000.000  9000.000  9000.00000
12.7      177.810  9000.000    24.543  9000.000  9000.000  9000.000  9000.000  9000.000  9000.000  9000.000  9000.00000
12.8      174.950  9000.000    13.471  9000.000  9000.000  9000.000  9000.000  9000.000  9000.000  9000.000  9000.00000
12.9      172.240  9000.000     7.782  9000.000  9000.000  9000.000  9000.000  9000.000  9000.000  9000.000  9000.00000
13.0      169.530  9000.000     5.019  9000.000  9000.000  9000.000  9000.000  9000.000  9000.000  9000.000  9000.00000
13.1      166.800  9000.000     4.000  9000.000  9000.000  9000.000  9000.000  9000.000  9000.000  9000.000  9000.00000
13.2      164.140  9000.000     3.000  9000.000  9000.000  9000.000  9000.000  9000.000  9000.000  9000.000  9000.00000
13.3      161.600  9000.000     2.556  9000.000  9000.000  9000.000  9000.000  9000.000  9000.000  9000.000  9000.00000
13.4      159.000  9000.000     2.000  9000.000  9000.000  9000.000  9000.000  9000.000  9000.000  9000.000  9000.00000
13.5      156.500  9000.000     2.000  9000.000  9000.000  9000.000  9000.000  9000.000  9000.000  9000.000  9000.00000
13.6      154.040  9000.000     2.000  9000.000  9000.000  9000.000  9000.000  9000.000  9000.000  9000.000  9000.00000
13.7      151.660  9000.000     2.000  9000.000  9000.000  9000.000  9000.000  9000.000  9000.000  9000.000  9000.00000
13.8      149.280  9000.000     1.722  9000.000  9000.000  9000.000  9000.000  9000.000  9000.000  9000.000  9000.00000
13.9      146.950  9000.000     1.000  9000.000  9000.000  9000.000  9000.000  9000.000  9000.000  9000.000  9000.00000
14.0      144.690  9000.000     1.000  9000.000  9000.000  9000.000  9000.000  9000.000  9000.000  9000.000  9000.00000
14.1      142.370  9000.000     1.000  9000.000  9000.000  9000.000  9000.000  9000.000  9000.000  9000.000  9000.00000
14.2      140.160  9000.000     1.000  9000.000  9000.000  9000.000  9000.000  9000.000  9000.000  9000.000  9000.00000
14.3      137.960  9000.000     1.000  9000.000  9000.000  9000.000  9000.000  9000.000  9000.000  9000.000  9000.00000
14.4      135.860  9000.000     1.000  9000.000  9000.000  9000.000  9000.000  9000.000  9000.000  9000.000  9000.00000
14.5      133.680  9000.000     1.000  9000.000  9000.000  9000.000  9000.000  9000.000  9000.000  9000.000  9000.00000
14.6      131.590  9000.000     1.000  9000.000  9000.000  9000.000  9000.000  9000.000  9000.000  9000.000  9000.00000
14.7      129.540  9000.000     1.000  9000.000  9000.000  9000.000  9000.000  9000.000  9000.000  9000.000  9000.00000
14.8      127.480  9000.000     1.000  9000.000  9000.000  9000.000  9000.000  9000.000  9000.000  9000.000  9000.00000
14.9      125.470  9000.000     1.000  9000.000  9000.000  9000.000  9000.000  9000.000  9000.000  9000.000  9000.00000
15.0      123.510  9000.000     1.000  9000.000  9000.000  9000.000  9000.000  9000.000  9000.000  9000.000  9000.00000
15.1      121.540  9000.000     2.000  9000.000  9000.000  9000.000  9000.000  9000.000  9000.000  9000.000  9000.00000
15.2      119.680  9000.000     2.000  9000.000  9000.000  9000.000  9000.000  9000.000  9000.000  9000.000  9000.00000
15.3      117.750  9000.000     2.000  9000.000  9000.000  9000.000  9000.000  9000.000  9000.000  9000.000  9000.00000
15.4      115.870  9000.000     2.000  9000.000  9000.000  9000.000  9000.000  9000.000  9000.000  9000.000  9000.00000
15.5      114.070  9000.000     2.000  9000.000  9000.000  9000.000  9000.000  9000.000  9000.000  9000.000  9000.00000
15.6      112.250  9000.000     2.000  9000.000  9000.000  9000.000  9000.000  9000.000  9000.000  9000.000  9000.00000
15.7      110.420  9000.000     2.000  9000.000  9000.000  9000.000  9000.000  9000.000  9000.000  9000.000  9000.00000
15.8      108.680  9000.000     2.000  9000.000  9000.000  9000.000  9000.000  9000.000  9000.000  9000.000  9000.00000
15.9      106.930  9000.000     2.000  9000.000  9000.000  9000.000  9000.000  9000.000  9000.000  9000.000  9000.00000
16.0      105.250  9000.000     2.000  9000.000  9000.000  9000.000  9000.000  9000.000  9000.000  9000.000  9000.00000
16.1      103.540  9000.000     2.000  9000.000  9000.000  9000.000  9000.000  9000.000  9000.000  9000.000  9000.00000
16.2      101.890  9000.000     2.000  9000.000  9000.000  9000.000  9000.000  9000.000  9000.000  9000.000  9000.00000
16.3      100.300  9000.000     2.000  9000.000  9000.000  9000.000  9000.000  9000.000  9000.000  9000.000  9000.00000
16.4       98.646  9000.000     2.000  9000.000  9000.000  9000.000  9000.000  9000.000  9000.000  9000.000  9000.00000
16.5       97.032  9000.000     2.000  9000.000  9000.000  9000.000  9000.000  9000.000  9000.000  9000.000  9000.00000
16.6       95.467  9000.000     2.000  9000.000  9000.000  9000.000  9000.000  9000.000  9000.000  9000.000  9000.00000
16.7       93.989  9000.000     2.000  9000.000  9000.000  9000.000  9000.000  9000.000  9000.000  9000.000  9000.00000
16.8       92.442  9000.000     2.000  9000.000  9000.000  9000.000  9000.000  9000.000  9000.000  9000.000  9000.00000
16.9       90.975  9000.000     2.000  9000.000  9000.000  9000.000  9000.000  9000.000  9000.000  9000.000  9000.00000
17.0       89.543  9000.000     2.000  9000.000  9000.000  9000.000  9000.000  9000.000  9000.000  9000.000  9000.00000
17.1       88.125  9000.000     2.000  9000.000  9000.000  9000.000  9000.000  9000.000  9000.000  9000.000  9000.00000
17.2       86.637  9000.000     2.000  9000.000  9000.000  9000.000  9000.000  9000.000  9000.000  9000.000  9000.00000
17.3       85.271  9000.000     2.000  9000.000  9000.000  9000.000  9000.000  9000.000  9000.000  9000.000  9000.00000
17.4       83.921  9000.000     2.000  9000.000  9000.000  9000.000  9000.000  9000.000  9000.000  9000.000  9000.00000
17.5       82.584  9000.000     2.000  9000.000  9000.000  9000.000  9000.000  9000.000  9000.000  9000.000  9000.00000
17.6       81.216  9000.000     2.000  9000.000  9000.000  9000.000  9000.000  9000.000  9000.000  9000.000  9000.00000
17.7       79.981  9000.000     1.000  9000.000  9000.000  9000.000  9000.000  9000.000  9000.000  9000.000  9000.00000
17.8       78.695  9000.000     1.000  9000.000  9000.000  9000.000  9000.000  9000.000  9000.000  9000.000  9000.00000
17.9       77.437  9000.000     1.000  9000.000  9000.000  9000.000  9000.000  9000.000  9000.000  9000.000  9000.00000
18.0       76.189  9000.000     1.000  9000.000  9000.000  9000.000  9000.000  9000.000  9000.000  9000.000  9000.00000
18.1       74.947  9000.000     1.000  9000.000  9000.000  9000.000  9000.000  9000.000  9000.000  9000.000  9000.00000
18.2       73.718  9000.000     1.000  9000.000  9000.000  9000.000  9000.000  9000.000  9000.000  9000.000  9000.00000
18.3       72.532  9000.000     1.000  9000.000  9000.000  9000.000  9000.000  9000.000  9000.000  9000.000  9000.00000
18.4       71.420  9000.000     1.000  9000.000  9000.000  9000.000  9000.000  9000.000  9000.000  9000.000  9000.00000
18.5       70.215  9000.000     1.000  9000.000  9000.000  9000.000  9000.000  9000.000  9000.000  9000.000  9000.00000
18.6       69.079  9000.000     1.000  9000.000  9000.000  9000.000  9000.000  9000.000  9000.000  9000.000  9000.00000
18.7       67.979  9000.000     1.000  9000.000  9000.000  9000.000  9000.000  9000.000  9000.000  9000.000  9000.00000
18.8       66.939  9000.000     1.000  9000.000  9000.000  9000.000  9000.000  9000.000  9000.000  9000.000  9000.00000
18.9       65.844  9000.000     1.000  9000.000  9000.000  9000.000  9000.000  9000.000  9000.000  9000.000  9000.00000
19.0       64.800  9000.000     1.000  9000.000  9000.000  9000.000  9000.000  9000.000  9000.000  9000.000  9000.00000
19.1       63.740  9000.000     1.000  9000.000  9000.000  9000.000  9000.000  9000.000  9000.000  9000.000  9000.00000
19.2       62.685  9000.000     1.000  9000.000  9000.000  9000.000  9000.000  9000.000  9000.000  9000.000  9000.00000
19.3     9000.000  9000.000  9000.000  9000.000  9000.000  9000.000  9000.000  9000.000  9000.000  9000.000  9000.00000
19.4     9000.000  9000.000  9000.000  9000.000  9000.000  9000.000  9000.000  9000.000  9000.000  9000.000  9000.00000
19.5     9000.000  9000.000  9000.000  9000.000  9000.000  9000.000  9000.000  9000.000  9000.000  9000.000  9000.00000
19.6     9000.000  9000.000  9000.000  9000.000  9000.000  9000.000  9000.000  9000.000  9000.000  9000.000  9000.00000
19.7     9000.000  9000.000  9000.000  9000.000  9000.000  9000.000  9000.000  9000.000  9000.000  9000.000  9000.00000
19.8     9000.000  9000.000  9000.000  9000.000  9000.000  9000.000  9000.000  9000.000  9000.000  9000.000  9000.00000
19.9     9000.000  9000.000  9000.000  9000.000  9000.000  9000.000  9000.000  9000.000  9000.000  9000.000  9000.00000
20.0     9000.000  9000.000  9000.000  9000.000  9000.000  9000.000  9000.000  9000.000  9000.000  9000.000  9000.00000
20.1     9000.000  9000.000  9000.000  9000.000  9000.000  9000.000  9000.000  9000.000  9000.000  9000.000  9000.00000
20.2     9000.000  9000.000  9000.000  9000.000  9000.000  9000.000  9000.000  9000.000  9000.000  9000.000  9000.00000
20.3     9000.000  9000.000  9000.000  9000.000  9000.000  9000.000  9000.000  9000.000  9000.000  9000.000  9000.00000
20.4     9000.000  9000.000  9000.000  9000.000  9000.000  9000.000  9000.000  9000.000  9000.000  9000.000  9000.00000
20.5     9000.000  9000.000  9000.000  9000.000  9000.000  9000.000  9000.000  9000.000  9000.000  9000.000  9000.00000
20.6     9000.000  9000.000  9000.000  9000.000  9000.000  9000.000  9000.000  9000.000  9000.000  9000.000  9000.00000
20.7     9000.000  9000.000  9000.000  9000.000  9000.000  9000.000  9000.000  9000.000  9000.000  9000.000  9000.00000
20.8     9000.000  9000.000  9000.000  9000.000  9000.000  9000.000  9000.000  9000.000  9000.000  9000.000  9000.00000
20.9     9000.000  9000.000  9000.000  9000.000  9000.000  9000.000  9000.000  9000.000  9000.000  9000.000  9000.00000
21.0     9000.000  9000.000  9000.000  9000.000  9000.000  9000.000  9000.000  9000.000  9000.000  9000.000  9000.00000
21.1     9000.000  9000.000  9000.000  9000.000  9000.000  9000.000  9000.000  9000.000  9000.000  9000.000  9000.00000
21.2     9000.000  9000.000  9000.000  9000.000  9000.000  9000.000  9000.000  9000.000  9000.000  9000.000  9000.00000
21.3     9000.000  9000.000  9000.000  9000.000  9000.000  9000.000  9000.000  9000.000  9000.000  9000.000  9000.00000
21.4     9000.000  9000.000  9000.000  9000.000  9000.000  9000.000  9000.000  9000.000  9000.000  9000.000  9000.00000
21.5     9000.000  9000.000  9000.000  9000.000  9000.000  9000.000  9000.000  9000.000  9000.000  9000.000  9000.00000
21.6     9000.000  9000.000  9000.000  9000.000  9000.000  9000.000  9000.000  9000.000  9000.000  9000.000  9000.00000
21.7     9000.000  9000.000  9000.000  9000.000  9000.000  9000.000  9000.000  9000.000  9000.000  9000.000  9000.00000
21.8     9000.000  9000.000  9000.000  9000.000  9000.000  9000.000  9000.000  9000.000  9000.000  9000.000  9000.00000
21.9     9000.000  9000.000  9000.000  9000.000  9000.000  9000.000  9000.000  9000.000  9000.000  9000.000  9000.00000
22.0     9000.000  9000.000  9000.000  9000.000  9000.000  9000.000  9000.000  9000.000  9000.000  9000.000  9000.00000
22.1     9000.000  9000.000  9000.000  9000.000  9000.000  9000.000  9000.000  9000.000  9000.000  9000.000  9000.00000
22.2     9000.000  9000.000  9000.000  9000.000  9000.000  9000.000  9000.000  9000.000  9000.000  9000.000  9000.00000
22.3     9000.000  9000.000  9000.000  9000.000  9000.000  9000.000  9000.000  9000.000  9000.000  9000.000  9000.00000
22.4     9000.000  9000.000  9000.000  9000.000  9000.000  9000.000  9000.000  9000.000  9000.000  9000.000  9000.00000
22.5     9000.000  9000.000  9000.000  9000.000  9000.000  9000.000  9000.000  9000.000  9000.000  9000.000  9000.00000
22.6     9000.000  9000.000  9000.000  9000.000  9000.000  9000.000  9000.000  9000.000  9000.000  9000.000  9000.00000
22.7     9000.000  9000.000  9000.000  9000.000  9000.000  9000.000  9000.000  9000.000  9000.000  9000.000  9000.00000
22.8     9000.000  9000.000  9000.000  9000.000  9000.000  9000.000  9000.000  9000.000  9000.000  9000.000  9000.00000
22.9     9000.000  9000.000  9000.000  9000.000  9000.000  9000.000  9000.000  9000.000  9000.000  9000.000  9000.00000
23.0     9000.000  9000.000  9000.000  9000.000  9000.000  9000.000  9000.000  9000.000  9000.000  9000.000  9000.00000
23.1     9000.000  9000.000  9000.000  9000.000  9000.000  9000.000  9000.000  9000.000  9000.000  9000.000  9000.00000
23.2     9000.000  9000.000  9000.000  9000.000  9000.000  9000.000  9000.000  9000.000  9000.000  9000.000  9000.00000
23.3     9000.000  9000.000  9000.000  9000.000  9000.000  9000.000  9000.000  9000.000  9000.000  9000.000  9000.00000
23.4     9000.000  9000.000  9000.000  9000.000  9000.000  9000.000  9000.000  9000.000  9000.000  9000.000  9000.00000
23.5     9000.000  9000.000  9000.000  9000.000  9000.000  9000.000  9000.000  9000.000  9000.000  9000.000  9000.00000
23.6     9000.000  9000.000  9000.000  9000.000  9000.000  9000.000  9000.000  9000.000  9000.000  9000.000  9000.00000
23.7     9000.000  9000.000  9000.000  9000.000  9000.000  9000.000  9000.000  9000.000  9000.000  9000.000  9000.00000
23.8     9000.000  9000.000  9000.000  9000.000  9000.000  9000.000  9000.000  9000.000  9000.000  9000.000  9000.00000
23.9     9000.000  9000.000  9000.000  9000.000  9000.000  9000.000  9000.000  9000.000  9000.000  9000.000  9000.00000
24.0     9000.000  9000.000  9000.000  9000.000  9000.000  9000.000  9000.000  9000.000  9000.000  9000.000  9000.00000
24.1     9000.000  9000.000  9000.000  9000.000  9000.000  9000.000  9000.000  9000.000  9000.000  9000.000  9000.00000
24.2     9000.000  9000.000  9000.000  9000.000  9000.000  9000.000  9000.000  9000.000  9000.000  9000.000  9000.00000
24.3     9000.000  9000.000  9000.000  9000.000  9000.000  9000.000  9000.000  9000.000  9000.000  9000.000  9000.00000
24.4     9000.000  9000.000  9000.000  9000.000  9000.000  9000.000  9000.000  9000.000  9000.000  9000.000  9000.00000
24.5     9000.000  9000.000  9000.000  9000.000  9000.000  9000.000  9000.000  9000.000  9000.000  9000.000  9000.00000
24.6     9000.000  9000.000  9000.000  9000.000  9000.000  9000.000  9000.000  9000.000  9000.000  9000.000  9000.00000
24.7     9000.000  9000.000  9000.000  9000.000  9000.000  9000.000  9000.000  9000.000  9000.000  9000.000  9000.00000
24.8     9000.000  9000.000  9000.000  9000.000  9000.000  9000.000  9000.000  9000.000  9000.000  9000.000  9000.00000
24.9     9000.000  9000.000  9000.000  9000.000  9000.000  9000.000  9000.000  9000.000  9000.000  9000.000  9000.00000
25.0     9000.000  9000.000  9000.000  9000.000  9000.000  9000.000  9000.000  9000.000  9000.000  9000.000  9000.00000
25.1     9000.000  9000.000  9000.000  9000.000  9000.000  9000.000  9000.000  9000.000  9000.000  9000.000  9000.00000
25.2     9000.000  9000.000  9000.000  9000.000  9000.000  9000.000  9000.000  9000.000  9000.000  9000.000  9000.00000
25.3     9000.000  9000.000  9000.000  9000.000  9000.000  9000.000  9000.000  9000.000  9000.000  9000.000  9000.00000
25.4     9000.000  9000.000  9000.000  9000.000  9000.000  9000.000  9000.000  9000.000  9000.000  9000.000  9000.00000
25.5     9000.000  9000.000  9000.000  9000.000  9000.000  9000.000  9000.000  9000.000  9000.000  9000.000  9000.00000
25.6     9000.000  9000.000  9000.000  9000.000  9000.000  9000.000  9000.000  9000.000  9000.000  9000.000  9000.00000
25.7     9000.000  9000.000  9000.000  9000.000  9000.000  9000.000  9000.000  9000.000  9000.000  9000.000  9000.00000
25.8     9000.000  9000.000  9000.000  9000.000  9000.000  9000.000  9000.000  9000.000  9000.000  9000.000  9000.00000
25.9     9000.000  9000.000  9000.000  9000.000  9000.000  9000.000  9000.000  9000.000  9000.000  9000.000  9000.00000
26.0     9000.000  9000.000  9000.000  9000.000  9000.000  9000.000  9000.000  9000.000  9000.000  9000.000  9000.00000
26.1     9000.000  9000.000  9000.000  9000.000  9000.000  9000.000  9000.000  9000.000  9000.000  9000.000  9000.00000
26.2     9000.000  9000.000  9000.000  9000.000  9000.000  9000.000  9000.000  9000.000  9000.000  9000.000  9000.00000
26.3     9000.000  9000.000  9000.000  9000.000  9000.000  9000.000  9000.000  9000.000  9000.000  9000.000  9000.00000
26.4     9000.000  9000.000  9000.000  9000.000  9000.000  9000.000  9000.000  9000.000  9000.000  9000.000  9000.00000
26.5     9000.000  9000.000  9000.000  9000.000  9000.000  9000.000  9000.000  9000.000  9000.000  9000.000  9000.00000
26.6     9000.000  9000.000  9000.000  9000.000  9000.000  9000.000  9000.000  9000.000  9000.000  9000.000  9000.00000
26.7     9000.000  9000.000  9000.000  9000.000  9000.000  9000.000  9000.000  9000.000  9000.000  9000.000  9000.00000
26.8     9000.000  9000.000  9000.000  9000.000  9000.000  9000.000  9000.000  9000.000  9000.000  9000.000  9000.00000
26.9     9000.000  9000.000  9000.000  9000.000  9000.000  9000.000  9000.000  9000.000  9000.000  9000.000  9000.00000
27.0     9000.000  9000.000  9000.000  9000.000  9000.000  9000.000  9000.000  9000.000  9000.000  9000.000  9000.00000
27.1     9000.000  9000.000  9000.000  9000.000  9000.000  9000.000  9000.000  9000.000  9000.000  9000.000  9000.00000
27.2     9000.000  9000.000  9000.000  9000.000  9000.000  9000.000  9000.000  9000.000  9000.000  9000.000  9000.00000
27.3     9000.000  9000.000  9000.000  9000.000  9000.000  9000.000  9000.000  9000.000  9000.000  9000.000  9000.00000
27.4     9000.000  9000.000  9000.000  9000.000  9000.000  9000.000  9000.000  9000.000  9000.000  9000.000  9000.00000
27.5     9000.000  9000.000  9000.000  9000.000  9000.000  9000.000  9000.000  9000.000  9000.000  9000.000  9000.00000
27.6     9000.000  9000.000  9000.000  9000.000  9000.000  9000.000  9000.000  9000.000  9000.000  9000.000  9000.00000
27.7     9000.000  9000.000  9000.000  9000.000  9000.000  9000.000  9000.000  9000.000  9000.000  9000.000  9000.00000
27.8     9000.000  9000.000  9000.000  9000.000  9000.000  9000.000  9000.000  9000.000  9000.000  9000.000  9000.00000
27.9     9000.000  9000.000  9000.000  9000.000  9000.000  9000.000  9000.000  9000.000  9000.000  9000.000  9000.00000
28.0     9000.000  9000.000  9000.000  9000.000  9000.000  9000.000  9000.000  9000.000  9000.000  9000.000  9000.00000
28.1     9000.000  9000.000  9000.000  9000.000  9000.000  9000.000  9000.000  9000.000  9000.000  9000.000  9000.00000
28.2     9000.000  9000.000  9000.000  9000.000  9000.000  9000.000  9000.000  9000.000  9000.000  9000.000  9000.00000
28.3     9000.000  9000.000  9000.000  9000.000  9000.000  9000.000  9000.000  9000.000  9000.000  9000.000  9000.00000
28.4     9000.000  9000.000  9000.000  9000.000  9000.000  9000.000  9000.000  9000.000  9000.000  9000.000  9000.00000
28.5     9000.000  9000.000  9000.000  9000.000  9000.000  9000.000  9000.000  9000.000  9000.000  9000.000  9000.00000
28.6     9000.000  9000.000  9000.000  9000.000  9000.000  9000.000  9000.000  9000.000  9000.000  9000.000  9000.00000
28.7     9000.000  9000.000  9000.000  9000.000  9000.000  9000.000  9000.000  9000.000  9000.000  9000.000  9000.00000
28.8     9000.000  9000.000  9000.000  9000.000  9000.000  9000.000  9000.000  9000.000  9000.000  9000.000  9000.00000
28.9     9000.000  9000.000  9000.000  9000.000  9000.000  9000.000  9000.000  9000.000  9000.000  9000.000  9000.00000
29.0     9000.000  9000.000  9000.000  9000.000  9000.000  9000.000  9000.000  9000.000  9000.000  9000.000  9000.00000
29.1     9000.000  9000.000  9000.000  9000.000  9000.000  9000.000  9000.000  9000.000  9000.000  9000.000  9000.00000
29.2     9000.000  9000.000  9000.000  9000.000  9000.000  9000.000  9000.000  9000.000  9000.000  9000.000  9000.00000
29.3     9000.000  9000.000  9000.000  9000.000  9000.000  9000.000  9000.000  9000.000  9000.000  9000.000  9000.00000
29.4     9000.000  9000.000  9000.000  9000.000  9000.000  9000.000  9000.000  9000.000  9000.000  9000.000  9000.00000
29.5     9000.000  9000.000  9000.000  9000.000  9000.000  9000.000  9000.000  9000.000  9000.000  9000.000  9000.00000
29.6     9000.000  9000.000  9000.000  9000.000  9000.000  9000.000  9000.000  9000.000  9000.000  9000.000  9000.00000
29.7     9000.000  9000.000  9000.000  9000.000  9000.000  9000.000  9000.000  9000.000  9000.000  9000.000  9000.00000
29.8     9000.000  9000.000  9000.000  9000.000  9000.000  9000.000  9000.000  9000.000  9000.000  9000.000  9000.00000
29.9     9000.000  9000.000  9000.000  9000.000  9000.000  9000.000  9000.000  9000.000  9000.000  9000.000  9000.00000
30.0     9000.000  9000.000  9000.000  9000.000  9000.000  9000.000  9000.000  9000.000  9000.000  9000.000  9000.00000
30.1     9000.000  9000.000  9000.000  9000.000  9000.000  9000.000  9000.000  9000.000  9000.000  9000.000  9000.00000
30.2     9000.000  9000.000  9000.000  9000.000  9000.000  9000.000  9000.000  9000.000  9000.000  9000.000  9000.00000
30.3     9000.000  9000.000  9000.000  9000.000  9000.000  9000.000  9000.000  9000.000  9000.000  9000.000  9000.00000
30.4     9000.000  9000.000  9000.000  9000.000  9000.000  9000.000  9000.000  9000.000  9000.000  9000.000  9000.00000
30.5     9000.000  9000.000  9000.000  9000.000  9000.000  9000.000  9000.000  9000.000  9000.000  9000.000  9000.00000
30.6     9000.000  9000.000  9000.000  9000.000  9000.000  9000.000  9000.000  9000.000  9000.000  9000.000  9000.00000
30.7     9000.000  9000.000  9000.000  9000.000  9000.000  9000.000  9000.000  9000.000  9000.000  9000.000  9000.00000
30.8     9000.000  9000.000  9000.000  9000.000  9000.000  9000.000  9000.000  9000.000  9000.000  9000.000  9000.00000
30.9     9000.000  9000.000  9000.000  9000.000  9000.000  9000.000  9000.000  9000.000  9000.000  9000.000  9000.00000
31.0     9000.000  9000.000  9000.000  9000.000  9000.000  9000.000  9000.000  9000.000  9000.000  9000.000  9000.00000
31.1     9000.000  9000.000  9000.000  9000.000  9000.000  9000.000  9000.000  9000.000  9000.000  9000.000  9000.00000
31.2     9000.000  9000.000  9000.000  9000.000  9000.000  9000.000  9000.000  9000.000  9000.000  9000.000  9000.00000
31.3     9000.000  9000.000  9000.000  9000.000  9000.000  9000.000  9000.000  9000.000  9000.000  9000.000  9000.00000
31.4     9000.000  9000.000  9000.000  9000.000  9000.000  9000.000  9000.000  9000.000  9000.000  9000.000  9000.00000
31.5     9000.000  9000.000  9000.000  9000.000  9000.000  9000.000  9000.000  9000.000  9000.000  9000.000  9000.00000
31.6     9000.000  9000.000  9000.000  9000.000  9000.000  9000.000  9000.000  9000.000  9000.000  9000.000  9000.00000
31.7     9000.000  9000.000  9000.000  9000.000  9000.000  9000.000  9000.000  9000.000  9000.000  9000.000  9000.00000
31.8     9000.000  9000.000  9000.000  9000.000  9000.000  9000.000  9000.000  9000.000  9000.000  9000.000  9000.00000
31.9     9000.000  9000.000  9000.000  9000.000  9000.000  9000.000  9000.000  9000.000  9000.000  9000.000  9000.00000
32.0     9000.000  9000.000  9000.000  9000.000  9000.000  9000.000  9000.000  9000.000  9000.000  9000.000  9000.00000
32.1     9000.000  9000.000  9000.000  9000.000  9000.000  9000.000  9000.000  9000.000  9000.000  9000.000  9000.00000
32.2     9000.000  9000.000  9000.000  9000.000  9000.000  9000.000  9000.000  9000.000  9000.000  9000.000  9000.00000
32.3     9000.000  9000.000  9000.000  9000.000  9000.000  9000.000  9000.000  9000.000  9000.000  9000.000  9000.00000
32.4     9000.000  9000.000  9000.000  9000.000  9000.000  9000.000  9000.000  9000.000  9000.000  9000.000  9000.00000
32.5     9000.000  9000.000  9000.000  9000.000  9000.000  9000.000  9000.000  9000.000  9000.000  9000.000  9000.00000
32.6     9000.000  9000.000  9000.000  9000.000  9000.000  9000.000  9000.000  9000.000  9000.000  9000.000  9000.00000
32.7     9000.000  9000.000  9000.000  9000.000  9000.000  9000.000  9000.000  9000.000  9000.000  9000.000  9000.00000
32.8     9000.000  9000.000  9000.000  9000.000  9000.000  9000.000  9000.000  9000.000  9000.000  9000.000  9000.00000
32.9     9000.000  9000.000  9000.000  9000.000  9000.000  9000.000  9000.000  9000.000  9000.000  9000.000  9000.00000
33.0     9000.000  9000.000  9000.000  9000.000  9000.000  9000.000  9000.000  9000.000  9000.000  9000.000  9000.00000
33.1     9000.000  9000.000  9000.000  9000.000  9000.000  9000.000  9000.000  9000.000  9000.000  9000.000  9000.00000
33.2     9000.000  9000.000  9000.000  9000.000  9000.000  9000.000  9000.000  9000.000  9000.000  9000.000  9000.00000
33.3     9000.000  9000.000  9000.000  9000.000  9000.000  9000.000  9000.000  9000.000  9000.000  9000.000  9000.00000
33.4     9000.000  9000.000  9000.000  9000.000  9000.000  9000.000  9000.000  9000.000  9000.000  9000.000  9000.00000
33.5     9000.000  9000.000  9000.000  9000.000  9000.000  9000.000  9000.000  9000.000  9000.000  9000.000  9000.00000
33.6     9000.000  9000.000  9000.000  9000.000  9000.000  9000.000  9000.000  9000.000  9000.000  9000.000  9000.00000
33.7     9000.000  9000.000  9000.000  9000.000  9000.000  9000.000  9000.000  9000.000  9000.000  9000.000  9000.00000
33.8     9000.000  9000.000  9000.000  9000.000  9000.000  9000.000  9000.000  9000.000  9000.000  9000.000  9000.00000
33.9     9000.000  9000.000  9000.000  9000.000  9000.000  9000.000  9000.000  9000.000  9000.000  9000.000  9000.00000
34.0     9000.000  9000.000  9000.000  9000.000  9000.000  9000.000  9000.000  9000.000  9000.000  9000.000  9000.00000
34.1     9000.000  9000.000  9000.000  9000.000  9000.000  9000.000  9000.000  9000.000  9000.000  9000.000  9000.00000
34.2     9000.000  9000.000  9000.000  9000.000  9000.000  9000.000  9000.000  9000.000  9000.000  9000.000  9000.00000
34.3     9000.000  9000.000  9000.000  9000.000  9000.000  9000.000  9000.000  9000.000  9000.000  9000.000  9000.00000
34.4     9000.000  9000.000  9000.000  9000.000  9000.000  9000.000  9000.000  9000.000  9000.000  9000.000  9000.00000
34.5     9000.000  9000.000  9000.000  9000.000  9000.000  9000.000  9000.000  9000.000  9000.000  9000.000  9000.00000
34.6     9000.000  9000.000  9000.000  9000.000  9000.000  9000.000  9000.000  9000.000  9000.000  9000.000  9000.00000
34.7     9000.000  9000.000  9000.000  9000.000  9000.000  9000.000  9000.000  9000.000  9000.000  9000.000  9000.00000
34.8     9000.000  9000.000  9000.000  9000.000  9000.000  9000.000  9000.000  9000.000  9000.000  9000.000  9000.00000
34.9     9000.000  9000.000  9000.000  9000.000  9000.000  9000.000  9000.000  9000.000  9000.000  9000.000  9000.00000
35.0     9000.000  9000.000  9000.000  9000.000  9000.000  9000.000  9000.000  9000.000  9000.000  9000.000  9000.00000