CR2/DMC Archive                  : http://www.cr2.cl/recursos-y-publicaciones/datos-ozonosonda/
STATION                          : Easter Island, Chile
Data Provider                    : DMC Dirección Meteorológica de Chile, GAW Program
Data Compilation                 : 26 July, 2016, by CR2 Center for Climate and Resilience Research, data interpolated every 100m
Latitude (deg)                   : -27.16
Longitude (deg)                  : -109.43
Elevation (m)                    : 41.0
Launch Date                      : 20130309 
Launch Time (UT)                 : 
Highest level reached (hPa)      : 7.000
Integrated O3 until EOF (DU)     : 222.908
Sonde/Sage Climatology(1988-2002): 
Sonde Instrument, SN             : SPC 6A 
Radiosonde, SN                   : Vaisala, CCE64B
Solution                         : 1.0% buffered
Applied pump corrections         : 
Pump flow rate (sec/100ml)       : 9000
Background current (uA)          : 9000
Missing or bad values            : 9000
Alt       Press     Temp      RH        O3        O3        O3        u         v         Theta     Theta e   Q         
km        hPa       K         %         mPa       ppbv      DU        m/s       m/s       K         K         g/kg      
 0.0     9000.000  9000.000  9000.000  9000.000  9000.000  9000.000  9000.000  9000.000  9000.000  9000.000  9000.00000
 0.1     1003.800   295.550    62.000     1.910    19.027     0.174  9000.000  9000.000   295.230   320.720     0.01068
 0.2      992.380   294.640    66.077     1.910    19.247     0.349  9000.000  9000.000   295.280   321.340     0.01087
 0.3      980.980   293.540    71.000     1.929    19.665     0.526  9000.000  9000.000   295.150   321.670     0.01103
 0.4      969.600   292.600    76.000     1.880    19.389     0.699  9000.000  9000.000   295.180   322.340     0.01126
 0.5      958.420   291.570    77.182     1.860    19.407     0.870  9000.000  9000.000   295.120   321.340     0.01083
 0.6      947.330   290.470    83.000     1.860    19.634     1.043  9000.000  9000.000   294.990   321.680     0.01099
 0.7      936.300   289.550    86.000     1.850    19.759     1.215  9000.000  9000.000   295.030   321.480     0.01085
 0.8      925.410   288.650    90.000     1.839    19.871     1.386  9000.000  9000.000   295.090   321.610     0.01084
 0.9      914.560   287.710    94.417     1.840    20.119     1.558  9000.000  9000.000   295.120   321.680     0.01082
 1.0      903.800   286.880    96.000     1.830    20.248     1.730  9000.000  9000.000   295.260   321.230     0.01054
 1.1      893.150   286.230    97.462     1.810    20.265     1.901  9000.000  9000.000   295.600   321.260     0.01038
 1.2      882.700   285.200    96.500     1.825    20.675     2.073  9000.000  9000.000   295.520   319.610     0.00971
 1.3      872.200   284.950    87.000     1.830    20.981     2.246  9000.000  9000.000   296.270   317.960     0.00871
 1.4      861.890   284.240    85.100     1.829    21.221     2.419  9000.000  9000.000   296.530   317.090     0.00822
 1.5      851.520   283.470    86.778     1.812    21.282     2.591  9000.000  9000.000   296.750   316.970     0.00806
 1.6      841.400   283.340    76.000     1.830    21.749     2.765  9000.000  9000.000   297.620   315.460     0.00708
 1.7      831.400   282.430    77.214     1.832    22.037     2.940  9000.000  9000.000   297.680   314.980     0.00684
 1.8      821.470   282.270    72.000     1.843    22.429     3.115  9000.000  9000.000   298.540   314.760     0.00639
 1.9      811.520   281.830    66.182     1.882    23.189     3.295  9000.000  9000.000   299.110   313.810     0.00577
 2.0      801.800   282.750    34.000     2.038    25.424     3.489  9000.000  9000.000   301.110   309.320     0.00320
 2.1      792.210   283.550    22.857     2.406    30.367     3.718  9000.000  9000.000   303.000   308.940     0.00230
 2.2      782.730   283.850    16.667     2.787    35.602     3.982  9000.000  9000.000   304.360   308.870     0.00173
 2.3      773.460   283.470    11.000     3.204    41.419     4.287  9000.000  9000.000   304.990   307.960     0.00113
 2.4      764.100   282.590    23.000     2.536    33.193     4.528  9000.000  9000.000   305.100   310.980     0.00225
 2.5      754.930   282.350    16.333     2.240    29.671     4.742  9000.000  9000.000   305.890   310.090     0.00159
 2.6      745.900   282.250    24.875     2.161    28.975     4.948  9000.000  9000.000   306.830   313.240     0.00243
 2.7      736.980   281.870    28.000     2.040    27.681     5.143  9000.000  9000.000   307.470   314.610     0.00270
 2.8      728.040   281.310    36.000     1.802    24.758     5.315  9000.000  9000.000   307.930   316.880     0.00338
 2.9      719.280   280.450    35.250     1.660    23.079     5.475  9000.000  9000.000   308.050   316.450     0.00316
 3.0      710.600   279.800    34.000     1.840    25.894     5.652  9000.000  9000.000   308.400   316.270     0.00295
 3.1      701.970   279.010    32.929     1.948    27.748     5.840  9000.000  9000.000   308.600   315.950     0.00274
 3.2      693.420   278.340    27.091     2.130    30.717     6.046  9000.000  9000.000   308.940   314.820     0.00217
 3.3      684.980   277.850    22.333     2.139    31.226     6.253  9000.000  9000.000   309.470   314.260     0.00175
 3.4      676.560   277.050    25.000     2.250    33.256     6.472  9000.000  9000.000   309.670   314.810     0.00188
 3.5      668.330   276.550    21.000     2.350    35.162     6.701  9000.000  9000.000   310.190   314.450     0.00154
 3.6      660.080   275.890    21.000     2.278    34.511     6.923  9000.000  9000.000   310.540   314.680     0.00149
 3.7      652.000   275.350    18.000     2.120    32.515     7.130  9000.000  9000.000   311.020   314.520     0.00124
 3.8      643.900   274.700    16.500     2.255    35.021     7.351  9000.000  9000.000   311.400   314.520     0.00110
 3.9      635.900   273.950    18.000     2.510    39.472     7.598  9000.000  9000.000   311.650   314.930     0.00115
 4.0      628.080   273.210    15.000     2.506    39.899     7.845  9000.000  9000.000   311.910   314.570     0.00092
 4.1      620.330   272.490    19.000     2.476    39.919     8.090  9000.000  9000.000   312.190   315.410     0.00112
 4.2      612.540   271.770    23.000     2.588    42.250     8.346  9000.000  9000.000   312.490   316.220     0.00130
 4.3      604.890   270.950    24.000     2.630    43.479     8.607  9000.000  9000.000   312.660   316.400     0.00129
 4.4      597.290   270.310    21.000     2.550    42.693     8.861  9000.000  9000.000   313.050   316.240     0.00109
 4.5      589.770   269.950    18.444     2.546    43.162     9.115  9000.000  9000.000   313.760   316.570     0.00095
 4.6      582.370   270.050    12.143     2.559    43.934     9.371  9000.000  9000.000   315.010   316.960     0.00064
 4.7      575.050   269.950     6.500     2.590    45.040     9.629  9000.000  9000.000   316.030   317.170     0.00034
 4.8      567.840   269.930    14.000     2.577    45.376     9.886  9000.000  9000.000   317.140   319.420     0.00075
 4.9      560.710   269.580    13.700     2.580    46.013    10.144  9000.000  9000.000   317.880   320.090     0.00072
 5.0      553.640   269.100    14.909     2.359    42.611    10.380  9000.000  9000.000   318.460   320.820     0.00077
 5.1      546.670   268.450    16.000     2.301    42.099    10.610  9000.000  9000.000   318.840   321.280     0.00079
 5.2      539.750   268.000    10.500     2.350    43.539    10.847  9000.000  9000.000   319.460   321.110     0.00051
 5.3      532.920   267.100    15.000     2.320    43.533    11.080  9000.000  9000.000   319.540   321.710     0.00069
 5.4      526.170   266.430    17.000     2.312    43.934    11.314  9000.000  9000.000   319.910   322.270     0.00075
 5.5      519.390   265.880    10.455     2.353    45.298    11.552  9000.000  9000.000   320.420   321.920     0.00045
 5.6      512.800   265.000    16.000     2.340    45.632    11.790  9000.000  9000.000   320.530   322.620     0.00065
 5.7      506.170   264.550    13.000     2.272    44.891    12.021  9000.000  9000.000   321.170   322.890     0.00051
 5.8      499.670   263.850    13.000     2.230    44.630    12.249  9000.000  9000.000   321.500   323.170     0.00049
 5.9      493.270   263.260     6.000     2.476    50.193    12.502  9000.000  9000.000   321.960   322.840     0.00022
 6.0      486.880   262.590     6.000     2.612    53.648    12.770  9000.000  9000.000   322.340   323.200     0.00021
 6.1      480.590   261.950     7.000     2.691    55.999    13.047  9000.000  9000.000   322.750   323.690     0.00024
 6.2      474.300   261.150     8.000     2.690    56.715    13.324  9000.000  9000.000   322.970   323.980     0.00026
 6.3      468.200   260.350     8.000     2.740    58.522    13.607  9000.000  9000.000   323.170   324.150     0.00024
 6.4      462.100   259.450    13.000     2.560    55.399    13.873  9000.000  9000.000   323.260   324.630     0.00037
 6.5      456.100   258.550    13.000     2.200    48.235    14.102  9000.000  9000.000   323.340   324.650     0.00035
 6.6      450.050   257.700    13.000     2.170    48.217    14.329  9000.000  9000.000   323.500   324.770     0.00033
 6.7      444.120   256.870    13.833     2.067    46.534    14.546  9000.000  9000.000   323.680   324.960     0.00034
 6.8      438.240   256.040    13.083     1.951    44.515    14.751  9000.000  9000.000   323.870   325.040     0.00030
 6.9      432.410   255.250    13.000     1.978    45.748    14.959  9000.000  9000.000   324.100   325.230     0.00028
 7.0      426.690   254.590    14.000     1.978    46.364    15.169  9000.000  9000.000   324.490   325.660     0.00029
 7.1      420.950   253.750    16.000     1.866    44.334    15.367  9000.000  9000.000   324.670   325.920     0.00031
 7.2      415.360   252.960    14.000     1.700    40.929    15.548  9000.000  9000.000   324.890   325.980     0.00026
 7.3      409.740   252.120    16.000     1.660    40.514    15.725  9000.000  9000.000   325.080   326.240     0.00028
 7.4      404.280   251.250    16.000     1.620    40.071    15.899  9000.000  9000.000   325.190   326.310     0.00026
 7.5      398.750   250.450    13.500     1.715    43.009    16.083  9000.000  9000.000   325.430   326.390     0.00021
 7.6      393.370   250.150    10.000     1.654    42.054    16.261  9000.000  9000.000   326.300   327.090     0.00015
 7.7      388.050   249.160     9.917     1.623    41.812    16.436  9000.000  9000.000   326.270   327.030     0.00014
 7.8      382.750   248.470    10.000     1.500    39.190    16.599  9000.000  9000.000   326.650   327.400     0.00014
 7.9      377.490   247.690    10.000     1.540    40.796    16.766  9000.000  9000.000   326.910   327.640     0.00013
 8.0      372.300   247.050    11.000     1.640    44.050    16.945  9000.000  9000.000   327.350   328.110     0.00013
 8.1      367.220   246.290    12.000     1.650    44.932    17.125  9000.000  9000.000   327.620   328.390     0.00014
 8.2      362.130   245.600    11.000     1.645    45.413    17.306  9000.000  9000.000   328.010   328.740     0.00012
 8.3      357.180   244.930    11.000     1.568    43.899    17.478  9000.000  9000.000   328.400   329.110     0.00012
 8.4      352.150   244.090    11.000     1.333    37.839    17.625  9000.000  9000.000   328.600   329.300     0.00011
 8.5      347.250   243.160    11.000     1.220    35.133    17.760  9000.000  9000.000   328.650   329.330     0.00010
 8.6      342.450   242.450     8.000     1.067    31.172    17.879  9000.000  9000.000   328.990   329.580     0.00007
 8.7      337.570   241.550     9.000     0.990    29.328    17.989  9000.000  9000.000   329.120   329.720     0.00007
 8.8      332.850   240.820    12.000     1.103    33.138    18.112  9000.000  9000.000   329.440   330.110     0.00009
 8.9      328.200   239.970    15.000     1.228    37.416    18.250  9000.000  9000.000   329.590   330.320     0.00011
 9.0      323.540   239.050    12.222     1.360    42.034    18.403  9000.000  9000.000   329.670   330.320     0.00008
 9.1      318.900   238.190     6.000     1.400    43.901    18.562  9000.000  9000.000   329.840   330.350     0.00004
 9.2      314.350   237.360     6.000     1.410    44.855    18.722  9000.000  9000.000   330.040   330.540     0.00003
 9.3      309.850   236.950     5.000     1.420    45.829    18.883  9000.000  9000.000   330.820   331.310     0.00003
 9.4      305.500   236.050     6.000     1.540    50.409    19.059  9000.000  9000.000   330.900   331.400     0.00003
 9.5      301.030   235.190     9.615     1.520    50.493    19.233  9000.000  9000.000   331.080   331.640     0.00005
 9.6      296.700   234.200    14.500     1.490    50.219    19.404  9000.000  9000.000   331.050   331.680     0.00006
 9.7      292.370   233.420    20.000     1.297    44.351    19.554  9000.000  9000.000   331.330   332.020     0.00008
 9.8      288.170   232.880    17.000     1.203    41.758    19.693  9000.000  9000.000   331.940   332.590     0.00007
 9.9      283.950   231.890    18.000     1.104    38.868    19.821  9000.000  9000.000   331.910   332.560     0.00007
10.0      279.770   230.960    18.000     1.100    39.318    19.949  9000.000  9000.000   331.980   332.610     0.00006
10.1      275.670   230.360    16.000     1.125    40.793    20.081  9000.000  9000.000   332.510   333.120     0.00005
10.2      271.630   229.750    13.000     1.106    40.707    20.210  9000.000  9000.000   333.030   333.610     0.00004
10.3      267.570   228.920    14.000     1.223    45.721    20.354  9000.000  9000.000   333.250   333.830     0.00004
10.4      263.600   228.050    18.000     1.250    47.420    20.502  9000.000  9000.000   333.400   334.020     0.00005
10.5      259.700   227.250    28.000     1.190    45.822    20.643  9000.000  9000.000   333.650   334.340     0.00007
10.6      255.820   226.520    35.167     1.110    43.390    20.775  9000.000  9000.000   334.000   334.740     0.00008
10.7      252.010   225.580    40.727     1.020    40.475    20.896  9000.000  9000.000   334.040   334.800     0.00008
10.8      248.170   224.740    42.000     0.949    38.247    21.010  9000.000  9000.000   334.260   335.020     0.00008
10.9      244.440   223.760    47.923     0.901    36.851    21.119  9000.000  9000.000   334.230   335.010     0.00008
11.0      240.680   222.900    44.455     0.900    37.394    21.227  9000.000  9000.000   334.420   335.160     0.00007
11.1      237.040   222.130    40.000     0.938    39.571    21.341  9000.000  9000.000   334.720   335.430     0.00006
11.2      233.450   221.310    29.636     1.004    42.991    21.463  9000.000  9000.000   334.940   335.580     0.00004
11.3      229.870   220.670    25.000     1.068    46.476    21.593  9000.000  9000.000   335.440   336.060     0.00003
11.4      226.310   219.950    24.000     1.090    48.164    21.727  9000.000  9000.000   335.840   336.450     0.00003
11.5      222.820   218.990    25.000     1.110    49.816    21.863  9000.000  9000.000   335.860   336.470     0.00003
11.6      219.360   218.100    28.455     1.080    49.233    21.997  9000.000  9000.000   335.990   336.610     0.00003
11.7      215.930   217.370    39.417     1.000    46.311    22.121  9000.000  9000.000   336.360   337.020     0.00004
11.8      212.590   216.410    47.364     0.926    43.575    22.236  9000.000  9000.000   336.380   337.050     0.00004
11.9      209.250   215.550    48.000     0.935    44.683    22.353  9000.000  9000.000   336.550   337.220     0.00004
12.0      205.940   214.700    46.455     0.940    45.645    22.470  9000.000  9000.000   336.740   337.410     0.00003
12.1      202.680   213.880    42.000     0.980    48.352    22.594  9000.000  9000.000   336.990   337.630     0.00003
12.2      199.440   213.160    40.000     0.940    47.132    22.713  9000.000  9000.000   337.400   338.040     0.00002
12.3      196.320   212.650    38.000     1.000    50.937    22.839  9000.000  9000.000   338.110   338.750     0.00002
12.4      193.160   212.150    34.000     1.042    53.945    22.971  9000.000  9000.000   338.880   339.510     0.00002
12.5      190.050   211.430    33.000     0.878    46.209    23.083  9000.000  9000.000   339.300   339.930     0.00002
12.6      187.000   210.850    34.000     0.933    49.911    23.202  9000.000  9000.000   339.920   340.570     0.00002
12.7      184.030   210.250    33.000     1.042    56.602    23.336  9000.000  9000.000   340.500   341.150     0.00001
12.8      181.050   209.620    33.000     1.020    56.338    23.467  9000.000  9000.000   341.060   341.710     0.00001
12.9      178.070   208.770    34.000     0.942    52.890    23.588  9000.000  9000.000   341.290   341.940     0.00001
13.0      175.180   207.950    36.000     0.920    52.518    23.708  9000.000  9000.000   341.540   342.200     0.00001
13.1      172.350   207.350    37.636     0.890    51.640    23.823  9000.000  9000.000   342.140   342.800     0.00001
13.2      169.580   206.850    39.000     0.900    53.072    23.940  9000.000  9000.000   342.890   343.560     0.00001
13.3      166.780   207.500    37.273     1.029    61.703    24.074  9000.000  9000.000   345.600   346.280     0.00001
13.4      164.020   207.940    31.083     1.385    84.438    24.253  9000.000  9000.000   347.990   348.670     0.00001
13.5      161.380   207.470    24.400     1.852   114.760    24.493  9000.000  9000.000   348.810   349.490     0.00001
13.6      158.700   208.400    17.500     2.085   131.380    24.763  9000.000  9000.000   352.050   352.740     0.00001
13.7      156.160   208.570    12.000     2.222   142.310    25.050  9000.000  9000.000   353.970   354.660     0.00000
13.8      153.630   209.720     9.000     2.161   140.680    25.327  9000.000  9000.000   357.580   358.280     0.00000
13.9      151.150   210.270     6.000     2.085   137.940    25.594  9000.000  9000.000   360.180   360.890     0.00000
14.0      148.750   210.550     5.000     1.970   132.440    25.846  9000.000  9000.000   362.300   363.020     0.00000
14.1      146.330   210.250     4.000     1.990   136.000    26.101  9000.000  9000.000   363.480   364.210     0.00000
14.2      143.960   210.390     4.000     1.910   132.670    26.345  9000.000  9000.000   365.410   366.140     0.00000
14.3      141.670   210.040     3.000     1.850   130.580    26.583  9000.000  9000.000   366.470   367.210     0.00000
14.4      139.330   209.750     3.000     1.790   128.480    26.812  9000.000  9000.000   367.720   368.460     0.00000
14.5      137.150   208.950     3.000     1.782   129.970    27.042  9000.000  9000.000   367.960   368.710     0.00000
14.6      134.860   208.650     3.000     1.830   135.700    27.278  9000.000  9000.000   369.200   369.960     0.00000
14.7      132.700   208.050     3.000     1.840   138.660    27.516  9000.000  9000.000   369.840   370.600     0.00000
14.8      130.540   208.150     3.000     1.850   141.720    27.756  9000.000  9000.000   371.750   372.530     0.00000
14.9      128.400   208.350     3.000     1.790   139.410    27.987  9000.000  9000.000   373.860   374.650     0.00000
15.0      126.330   208.360     3.000     1.790   141.700    28.218  9000.000  9000.000   375.620   376.420     0.00000
15.1      124.250   208.150     3.000     1.762   141.850    28.446  9000.000  9000.000   377.010   377.820     0.00000
15.2      122.200   207.950     3.000     1.820   148.940    28.682  9000.000  9000.000   378.440   379.260     0.00000
15.3      120.240   207.910     3.000     1.840   153.020    28.920  9000.000  9000.000   380.100   380.930     0.00000
15.4      118.290   208.590     2.000     1.996   168.700    29.178  9000.000  9000.000   383.150   383.980     0.00000
15.5      116.380   208.350     2.000     2.059   176.910    29.444  9000.000  9000.000   384.480   385.330     0.00000
15.6      114.480   207.850     2.000     2.100   183.440    29.716  9000.000  9000.000   385.360   386.210     0.00000
15.7      112.600   207.850     2.000     2.190   194.490    30.000  9000.000  9000.000   387.180   388.040     0.00000
15.8      110.790   207.490     2.000     2.407   217.230    30.312  9000.000  9000.000   388.300   389.180     0.00000
15.9      108.950   207.050     2.000     2.610   239.560    30.652  9000.000  9000.000   389.320   390.210     0.00000
16.0      107.160   207.250     2.000     2.734   255.100    31.007  9000.000  9000.000   391.540   392.440     0.00000
16.1      105.430   207.490     2.000     2.690   255.160    31.356  9000.000  9000.000   393.820   394.730     0.00000
16.2      103.750   208.070     2.000     2.703   260.480    31.706  9000.000  9000.000   396.740   397.660     0.00000
16.3      102.010   208.360     2.000     3.049   298.860    32.100  9000.000  9000.000   399.200   400.140     0.00000
16.4      100.390   208.140     2.000     3.268   325.490    32.522  9000.000  9000.000   400.600   401.540     0.00000
16.5       98.733   207.650     2.000     3.147   318.700    32.930  9000.000  9000.000   401.560   402.510     0.00000
16.6       97.133   207.850     2.000     3.297   339.400    33.357  9000.000  9000.000   403.820   404.780     0.00000
16.7       95.544   207.690     2.000     3.591   375.860    33.823  9000.000  9000.000   405.420   406.390     0.00000
16.8       93.963   207.490     2.000     3.877   412.660    34.326  9000.000  9000.000   406.940   407.930     0.00000
16.9       92.450   207.250     2.000     3.990   431.580    34.844  9000.000  9000.000   408.360   409.360     0.00000
17.0       90.950   207.150     2.000     3.908   429.630    35.352  9000.000  9000.000   410.070   411.080     0.00000
17.1       89.456   206.750     2.000     3.806   425.410    35.848  9000.000  9000.000   411.220   412.230     0.00000
17.2       87.978   206.890     2.000     3.939   447.710    36.361  9000.000  9000.000   413.460   414.490     0.00000
17.3       86.567   206.650     2.000     4.233   489.030    36.912  9000.000  9000.000   414.880   415.920     0.00000
17.4       85.125   206.820     2.000     3.592   422.030    37.380  9000.000  9000.000   417.220   418.270     0.00000
17.5       83.700   206.950     2.000     3.540   422.940    37.841  9000.000  9000.000   419.480   420.550     0.00000
17.6       82.388   207.760     2.000     3.661   444.390    38.315  9000.000  9000.000   423.030   424.110     0.00000
17.7       81.050   207.900     2.000     3.845   474.400    38.813  9000.000  9000.000   425.290   426.390     0.00000
17.8       79.667   208.020     2.000     3.963   497.490    39.326  9000.000  9000.000   427.620   428.730     0.00000
17.9       78.413   208.460     2.000     4.465   569.420    39.903  9000.000  9000.000   430.480   431.600     0.00000
18.0       77.100   208.850     2.000     5.030   652.400    40.551  9000.000  9000.000   433.360   434.500     0.00000
18.1       75.880   208.050     2.000     5.354   705.590    41.244  9000.000  9000.000   433.660   434.810     0.00000
18.2       74.664   208.050     2.000     5.490   735.300    41.955  9000.000  9000.000   435.660   436.820     0.00000
18.3       73.422   209.770     2.000     5.871   799.640    42.708  9000.000  9000.000   441.370   442.560     0.00000
18.4       72.280   209.830     2.000     5.712   790.260    43.441  9000.000  9000.000   443.470   444.670     0.00000
18.5       71.033   209.050     2.000     5.147   724.540    44.104  9000.000  9000.000   444.020   445.220     0.00000
18.6       69.967   208.350     2.000     4.763   680.800    44.720  9000.000  9000.000   444.440   445.650     0.00000
18.7       68.811   207.960     2.000     4.481   651.220    45.300  9000.000  9000.000   445.720   446.940     0.00000
18.8       67.700   208.540     2.000     4.468   659.940    45.877  9000.000  9000.000   449.040   450.280     0.00000
18.9       66.578   208.430     2.000     4.720   708.950    46.487  9000.000  9000.000   450.940   452.190     0.00000
19.0       65.500   208.250     2.000     4.870   743.510    47.116  9000.000  9000.000   452.650   453.920     0.00000
19.1       64.450   209.050     2.000     5.055   784.330    47.768  9000.000  9000.000   456.490   457.780     0.00000
19.2       63.422   211.030     2.000     5.482   864.400    48.467  9000.000  9000.000   462.920   464.240     0.00000
19.3       62.375   210.820     2.000     5.883   943.090    49.218  9000.000  9000.000   464.680   466.000     0.00000
19.4       61.330   210.750     2.000     6.050   986.470    49.991  9000.000  9000.000   466.750   468.090     0.00000
19.5       60.344   210.490     2.000     6.334  1049.700    50.802  9000.000  9000.000   468.340   469.700     0.00000
19.6       59.430   210.380     2.000     6.527  1098.300    51.637  9000.000  9000.000   470.130   471.490     0.00000
19.7       58.487   210.950     2.000     6.804  1163.300    52.505  9000.000  9000.000   473.550   474.940     0.00000
19.8       57.525   211.380     2.000     7.105  1235.100    53.411  9000.000  9000.000   476.760   478.160     0.00000
19.9       56.556   212.350     2.000     7.387  1306.100    54.347  9000.000  9000.000   481.280   482.710     0.00000
20.0       55.663   213.050     2.000     8.004  1437.900    55.359  9000.000  9000.000   485.060   486.510     0.00000
20.1       54.778   213.730     2.000     7.830  1429.400    56.345  9000.000  9000.000   488.830   490.300     0.00000
20.2       53.980   213.330     2.000     7.830  1450.500    57.334  9000.000  9000.000   489.960   491.440     0.00000
20.3       53.110   213.760     2.000     7.999  1506.100    58.341  9000.000  9000.000   493.230   494.730     0.00000
20.4       52.244   213.410     2.000     8.020  1535.100    59.353  9000.000  9000.000   494.720   496.230     0.00000
20.5       51.420   213.570     2.000     8.098  1574.900    60.374  9000.000  9000.000   497.350   498.880     0.00000
20.6       50.560   213.650     2.000     8.442  1669.700    61.438  9000.000  9000.000   499.930   501.480     0.00000
20.7       49.767   213.950     2.000     8.667  1741.500    62.529  9000.000  9000.000   502.890   504.460     0.00001
20.8       49.000   214.450     2.000     8.865  1809.200    63.642  9000.000  9000.000   506.300   507.890     0.00001
20.9       48.260   214.890     2.000     9.038  1872.800    64.774  9000.000  9000.000   509.550   511.150     0.00001
21.0       47.475   214.950     2.000     9.312  1961.600    65.941  9000.000  9000.000   512.070   513.700     0.00001
21.1       46.733   214.680     2.000     9.430  2017.800    67.124  9000.000  9000.000   513.740   515.380     0.00001
21.2       46.000   214.460     2.000     9.589  2084.500    68.327  9000.000  9000.000   515.520   517.170     0.00001
21.3       45.300   215.050     2.000     9.690  2139.100    69.541  9000.000  9000.000   519.200   520.880     0.00001
21.4       44.530   214.850     2.000     9.867  2215.800    70.777  9000.000  9000.000   521.260   522.950     0.00001
21.5       43.856   214.690     2.000     9.791  2232.600    72.005  9000.000  9000.000   523.150   524.850     0.00001
21.6       43.100   215.150     2.000     9.910  2299.300    73.246  9000.000  9000.000   526.860   528.590     0.00001
21.7       42.467   215.120     2.000    10.180  2397.200    74.520  9000.000  9000.000   529.010   530.750     0.00001
21.8       41.780   214.530     2.000    10.032  2401.100    75.779  9000.000  9000.000   530.020   531.770     0.00001
21.9       41.160   215.010     2.000    10.048  2441.200    77.037  9000.000  9000.000   533.470   535.250     0.00001
22.0       40.500   214.950     2.000    10.436  2576.700    78.345  9000.000  9000.000   535.780   537.580     0.00001
22.1       39.857   215.540     2.000    10.613  2662.700    79.670  9000.000  9000.000   539.700   541.520     0.00001
22.2       39.256   215.750     2.000    10.749  2738.200    81.012  9000.000  9000.000   542.580   544.420     0.00001
22.3       38.609   215.550     2.000    10.899  2822.900    82.373  9000.000  9000.000   544.650   546.500     0.00001
22.4       38.000   216.150     2.000    10.860  2857.900    83.726  9000.000  9000.000   548.640   550.520     0.00001
22.5       37.400   216.080     2.000    11.126  2974.900    85.113  9000.000  9000.000   550.960   552.860     0.00001
22.6       36.800   216.050     2.000    11.083  3011.700    86.494  9000.000  9000.000   553.420   555.340     0.00001
22.7       36.263   216.190     2.000    11.178  3082.400    87.886  9000.000  9000.000   556.100   558.040     0.00001
22.8       35.700   216.550     2.000    11.355  3180.800    89.298  9000.000  9000.000   559.520   561.480     0.00001
22.9       35.122   216.950     2.000    11.520  3280.000    90.728  9000.000  9000.000   563.170   565.150     0.00001
23.0       34.600   217.480     2.000    11.607  3354.500    92.165  9000.000  9000.000   566.960   568.980     0.00001
23.1       34.000   217.340     2.000    11.794  3468.800    93.626  9000.000  9000.000   569.410   571.450     0.00001
23.2       33.500   217.550     2.000    11.740  3504.500    95.079  9000.000  9000.000   572.380   574.440     0.00001
23.3       33.000   217.710     2.000    11.681  3539.800    96.524  9000.000  9000.000   575.270   577.350     0.00001
23.4       32.500   217.750     2.000    11.646  3583.400    97.964  9000.000  9000.000   577.870   579.970     0.00001
23.5       32.000   218.050     2.000    11.770  3678.100    99.418  9000.000  9000.000   581.230   583.360     0.00001
23.6       31.440   218.150     2.000    11.992  3814.200   100.898  9000.000  9000.000   584.430   586.580     0.00001
23.7       31.000   218.350     2.000    12.150  3919.400   102.396  9000.000  9000.000   587.320   589.490     0.00001
23.8       30.500   218.050     2.000    12.096  3966.000   103.890  9000.000  9000.000   589.230   591.420     0.00001
23.9       30.010   217.450     2.000    12.012  4002.700   105.377  9000.000  9000.000   590.330   592.530     0.00001
24.0       29.520   218.030     2.000    12.070  4088.800   106.868  9000.000  9000.000   594.690   596.920     0.00001
24.1       29.100   218.550     2.000    12.137  4170.700   108.363  9000.000  9000.000   598.540   600.800     0.00002
24.2       28.600   218.740     2.000    12.282  4294.300   109.875  9000.000  9000.000   602.030   604.320     0.00002
24.3       28.200   218.650     2.000    12.280  4354.600   111.387  9000.000  9000.000   604.200   606.510     0.00002
24.4       27.800   219.320     2.000    12.410  4464.000   112.911  9000.000  9000.000   608.540   610.880     0.00002
24.5       27.360   221.090     1.000    12.566  4592.800   114.441  9000.000  9000.000   616.230   618.560     0.00001
24.6       26.900   221.650     1.000    12.830  4769.500   116.000  9000.000  9000.000   620.780   623.150     0.00001
24.7       26.500   221.850     2.000    12.940  4883.000   117.570  9000.000  9000.000   624.000   626.480     0.00003
24.8       26.100   222.080     2.000    12.983  4974.500   119.145  9000.000  9000.000   627.360   629.880     0.00003
24.9       25.700   222.250     2.000    13.110  5101.200   120.733  9000.000  9000.000   630.600   633.140     0.00003
25.0       25.300   222.100     2.000    13.165  5203.600   122.329  9000.000  9000.000   633.000   635.560     0.00003
25.1       24.900   222.050     2.000    13.185  5295.200   123.928  9000.000  9000.000   635.740   638.320     0.00003
25.2       24.580   221.930     2.000    13.068  5316.500   125.513  9000.000  9000.000   637.740   640.340     0.00003
25.3       24.200   221.550     2.000    12.899  5330.200   127.081  9000.000  9000.000   639.480   642.090     0.00003
25.4       23.800   221.920     2.000    12.798  5377.200   128.634  9000.000  9000.000   643.590   646.240     0.00003
25.5       23.400   221.340     2.000    12.707  5430.300   130.180  9000.000  9000.000   645.020   647.680     0.00003
25.6       23.100   221.150     2.000    12.736  5513.300   131.730  9000.000  9000.000   646.840   649.510     0.00003
25.7       22.733   221.350     2.000    12.760  5612.900   133.283  9000.000  9000.000   650.380   653.090     0.00003
25.8       22.400   221.350     2.000    12.680  5660.700   134.825  9000.000  9000.000   653.120   655.850     0.00003
25.9       22.000   220.950     2.000    12.590  5722.700   136.359  9000.000  9000.000   655.300   658.040     0.00003
26.0       21.700   220.930     2.000    12.550  5783.400   137.889  9000.000  9000.000   657.800   660.570     0.00003
26.1       21.350   221.550     2.000    12.595  5899.300   139.420  9000.000  9000.000   662.710   665.530     0.00003
26.2       21.036   221.940     1.000    12.530  5956.400   140.940  9000.000  9000.000   666.690   669.430     0.00002
26.3       20.700   221.850     1.000    12.483  6030.600   142.455  9000.000  9000.000   669.480   672.240     0.00002
26.4       20.400   220.880     2.000    12.456  6105.700   143.974  9000.000  9000.000   669.330   672.200     0.00003
26.5       20.100   220.850     2.000    12.280  6109.500   145.471  9000.000  9000.000   672.070   674.970     0.00003
26.6       19.800   221.630     1.000    12.169  6146.000   146.949  9000.000  9000.000   677.350   680.180     0.00002
26.7       19.490   222.550     1.000    12.292  6306.800   148.436  9000.000  9000.000   683.210   686.100     0.00002
26.8       19.200   222.950     1.000    12.300  6406.300   149.922  9000.000  9000.000   687.370   690.290     0.00002
26.9       18.900   222.860     1.000    12.323  6520.000   151.411  9000.000  9000.000   690.200   693.140     0.00002
27.0       18.600   222.810     1.636    12.127  6520.000   152.876  9000.000  9000.000   693.190   696.260     0.00003
27.1       18.300   222.650     2.000    12.078  6600.100   154.337  9000.000  9000.000   695.900   699.040     0.00004
27.2       18.046   223.400     1.000    12.272  6800.100   155.816  9000.000  9000.000   701.010   704.050     0.00002
27.3       17.775   223.750     1.000    12.520  7043.600   157.323  9000.000  9000.000   705.160   708.240     0.00002
27.4       17.500   223.720     1.000    12.527  7158.300   158.830  9000.000  9000.000   708.200   711.310     0.00002
27.5       17.218   223.570     1.182    12.380  7190.100   160.321  9000.000  9000.000   711.000   714.160     0.00003
27.6       16.991   224.140     1.000    12.260  7215.600   161.794  9000.000  9000.000   715.530   718.700     0.00003
27.7       16.700   224.650     1.000    12.374  7409.400   163.277  9000.000  9000.000   720.690   723.910     0.00003
27.8       16.490   224.140     1.000    12.490  7574.300   164.778  9000.000  9000.000   721.650   724.880     0.00003
27.9       16.200   223.950     1.429    12.411  7661.400   166.270  9000.000  9000.000   724.690   728.030     0.00004
28.0       15.991   223.940     1.000    12.199  7628.800   167.737  9000.000  9000.000   727.350   730.620     0.00003
28.1       15.700   224.150     1.000    12.123  7721.900   169.193  9000.000  9000.000   731.840   735.160     0.00003
28.2       15.500   224.040     1.000    12.139  7831.600   170.652  9000.000  9000.000   734.160   737.500     0.00003
28.3       15.288   224.360     1.000    12.043  7877.400   172.097  9000.000  9000.000   738.110   741.490     0.00003
28.4       15.000   225.630     1.000    11.985  7990.000   173.528  9000.000  9000.000   746.320   749.790     0.00004
28.5       14.800   227.300     1.000    11.755  7942.900   174.920  9000.000  9000.000   754.700   758.280     0.00004
28.6       14.600   228.300     1.000    11.353  7775.800   176.259  9000.000  9000.000   760.990   764.660     0.00005
28.7       14.389   228.740     1.000    11.088  7705.800   177.564  9000.000  9000.000   765.610   769.330     0.00005
28.8       14.109   229.140     1.000    11.019  7809.900   178.859  9000.000  9000.000   771.260   775.050     0.00006
28.9       13.944   230.550     1.000    10.834  7769.700   180.125  9000.000  9000.000   778.600   782.520     0.00007
29.0       13.700   230.600     1.000    10.730  7832.100   181.377  9000.000  9000.000   782.700   786.660     0.00007
29.1       13.500   230.570     1.000    10.579  7836.200   182.613  9000.000  9000.000   785.890   789.890     0.00007
29.2       13.300   230.850     1.000    10.377  7802.000   183.823  9000.000  9000.000   790.190   794.250     0.00007
29.3       13.133   231.380     1.000    10.277  7824.900   185.019  9000.000  9000.000   794.870   799.000     0.00008
29.4       12.970   231.610     1.000    10.124  7805.700   186.196  9000.000  9000.000   798.490   802.670     0.00008
29.5       12.800   232.050     1.000    10.000  7812.500   187.356  9000.000  9000.000   803.010   807.270     0.00008
29.6       12.600   232.590     1.000     9.894  7852.400   188.502  9000.000  9000.000   808.500   812.850     0.00009
29.7       12.400   232.950     1.000     9.802  7905.100   189.635  9000.000  9000.000   813.450   817.880     0.00009
29.8       12.200   232.580     1.000     9.680  7934.400   190.756  9000.000  9000.000   815.940   820.390     0.00009
29.9       12.000   232.950     1.000     9.480  7900.000   191.851  9000.000  9000.000   821.090   825.610     0.00010
30.0       11.863   232.650     1.000     9.383  7909.400   192.937  9000.000  9000.000   822.730   827.260     0.00010
30.1       11.700   233.150     1.000     9.253  7908.800   194.006  9000.000  9000.000   827.740   832.360     0.00010
30.2       11.500   233.350     1.000     9.113  7924.100   195.057  9000.000  9000.000   832.530   837.230     0.00011
30.3       11.314   233.350     1.000     8.909  7873.700   196.085  9000.000  9000.000   836.400   841.150     0.00011
30.4       11.200   233.580     1.000     8.753  7815.500   197.094  9000.000  9000.000   839.660   844.470     0.00011
30.5       11.000   232.650     1.000     8.693  7902.500   198.101  9000.000  9000.000   840.610   845.370     0.00010
30.6       10.900   232.370     1.000     8.493  7791.500   199.085  9000.000  9000.000   841.770   846.530     0.00010
30.7       10.700   232.590     1.000     8.422  7870.900   200.060  9000.000  9000.000   847.020   851.860     0.00011
30.8       10.512   232.940     1.000     8.269  7865.600   201.015  9000.000  9000.000   852.580   857.520     0.00011
30.9       10.400   232.350     1.000     8.170  7855.800   201.962  9000.000  9000.000   853.040   857.950     0.00011
31.0       10.200   232.580     1.000     8.033  7875.500   202.892  9000.000  9000.000   858.620   863.620     0.00011
31.1       10.100   233.300     1.000     7.947  7868.200   203.809  9000.000  9000.000   863.720   868.840     0.00012
31.2        9.900   233.660     1.000     7.826  7904.600   204.711  9000.000  9000.000   869.980   875.220     0.00013
31.3        9.800   233.950     1.000     7.812  7971.900   205.610  9000.000  9000.000   873.580   878.890     0.00013
31.4        9.692   233.950     1.000     7.729  7974.600   206.500  9000.000  9000.000   876.330   881.690     0.00014
31.5        9.500   234.590     1.000     7.650  8052.600   207.378  9000.000  9000.000   883.750   889.280     0.00015
31.6        9.400   234.790     1.000     7.639  8126.100   208.254  9000.000  9000.000   887.190   892.800     0.00015
31.7        9.210   235.360     1.000     7.480  8121.600   209.110  9000.000  9000.000   894.530   900.310     0.00017
31.8        9.100   235.520     1.000     7.440  8175.800   209.960  9000.000  9000.000   898.220   904.080     0.00017
31.9        9.000   235.560     1.000     7.098  7886.400   210.772  9000.000  9000.000   901.190   907.100     0.00017
32.0        8.843   236.490     1.000     7.076  8001.600   211.577  9000.000  9000.000   909.310   915.480     0.00019
32.1        8.700   236.050     1.000     7.021  8070.200   212.378  9000.000  9000.000   911.820   917.980     0.00019
32.2        8.600   236.260     1.000     6.989  8126.700   213.175  9000.000  9000.000   915.640   921.890     0.00019
32.3        8.500   236.850     1.000     6.870  8082.400   213.956  9000.000  9000.000   920.990   927.430     0.00021
32.4        8.400   236.880     1.000     6.776  8066.000   214.726  9000.000  9000.000   924.210   930.700     0.00021
32.5        8.200   237.150     1.000     6.589  8035.800   215.474  9000.000  9000.000   931.650   938.320     0.00022
32.6        8.100   237.250     1.000     6.540  8074.100   216.216  9000.000  9000.000   935.300   942.070     0.00023
32.7        8.000   237.250     1.000     6.386  7982.500   216.941  9000.000  9000.000   938.620   945.450     0.00023
32.8        7.900   236.980     1.000     6.283  7953.200   217.655  9000.000  9000.000   940.920   947.740     0.00023
32.9        7.800   237.550     1.000     6.170  7910.300   218.354  9000.000  9000.000   946.610   953.650     0.00025
33.0        7.700   237.550     1.000     6.150  7987.000   219.052  9000.000  9000.000   950.090   957.200     0.00025
33.1        7.543   237.910     1.000     6.120  8113.600   219.744  9000.000  9000.000   957.130   964.460     0.00026
33.2        7.460   238.150     1.000     5.936  7957.100   220.415  9000.000  9000.000   961.130   968.590     0.00027
33.3        7.300   237.690     1.583     5.778  7915.500   221.070  9000.000  9000.000   965.220   974.180     0.00042
33.4        7.200   238.250     1.000     5.687  7898.800   221.713  9000.000  9000.000   971.290   978.990     0.00029
33.5        7.100   237.300     1.000     5.412  7623.200   222.327  9000.000  9000.000   971.280   978.780     0.00026
33.6        7.000   236.980     2.000     5.113  7304.800   222.908  9000.000  9000.000   973.910   983.960     0.00052
33.7     9000.000  9000.000  9000.000  9000.000  9000.000  9000.000  9000.000  9000.000  9000.000  9000.000  9000.00000
33.8     9000.000  9000.000  9000.000  9000.000  9000.000  9000.000  9000.000  9000.000  9000.000  9000.000  9000.00000
33.9     9000.000  9000.000  9000.000  9000.000  9000.000  9000.000  9000.000  9000.000  9000.000  9000.000  9000.00000
34.0     9000.000  9000.000  9000.000  9000.000  9000.000  9000.000  9000.000  9000.000  9000.000  9000.000  9000.00000
34.1     9000.000  9000.000  9000.000  9000.000  9000.000  9000.000  9000.000  9000.000  9000.000  9000.000  9000.00000
34.2     9000.000  9000.000  9000.000  9000.000  9000.000  9000.000  9000.000  9000.000  9000.000  9000.000  9000.00000
34.3     9000.000  9000.000  9000.000  9000.000  9000.000  9000.000  9000.000  9000.000  9000.000  9000.000  9000.00000
34.4     9000.000  9000.000  9000.000  9000.000  9000.000  9000.000  9000.000  9000.000  9000.000  9000.000  9000.00000
34.5     9000.000  9000.000  9000.000  9000.000  9000.000  9000.000  9000.000  9000.000  9000.000  9000.000  9000.00000
34.6     9000.000  9000.000  9000.000  9000.000  9000.000  9000.000  9000.000  9000.000  9000.000  9000.000  9000.00000
34.7     9000.000  9000.000  9000.000  9000.000  9000.000  9000.000  9000.000  9000.000  9000.000  9000.000  9000.00000
34.8     9000.000  9000.000  9000.000  9000.000  9000.000  9000.000  9000.000  9000.000  9000.000  9000.000  9000.00000
34.9     9000.000  9000.000  9000.000  9000.000  9000.000  9000.000  9000.000  9000.000  9000.000  9000.000  9000.00000
35.0     9000.000  9000.000  9000.000  9000.000  9000.000  9000.000  9000.000  9000.000  9000.000  9000.000  9000.00000