CR2/DMC Archive                  : http://www.cr2.cl/recursos-y-publicaciones/datos-ozonosonda/
STATION                          : Easter Island, Chile
Data Provider                    : DMC Dirección Meteorológica de Chile, GAW Program
Data Compilation                 : 26 July, 2016, by CR2 Center for Climate and Resilience Research, data interpolated every 100m
Latitude (deg)                   : -27.16
Longitude (deg)                  : -109.43
Elevation (m)                    : 41.0
Launch Date                      : 20070224 
Launch Time (UT)                 : 
Highest level reached (hPa)      : 8.378
Integrated O3 until EOF (DU)     : nan
Sonde/Sage Climatology(1988-2002): 
Sonde Instrument, SN             : SPC 6A 
Radiosonde, SN                   : Vaisala, OS815N
Solution                         : 1.0% buffered
Applied pump corrections         : 
Pump flow rate (sec/100ml)       : 9000
Background current (uA)          : 9000
Missing or bad values            : 9000
Alt       Press     Temp      RH        O3        O3        O3        u         v         Theta     Theta e   Q         
km        hPa       K         %         mPa       ppbv      DU        m/s       m/s       K         K         g/kg      
 0.0     9000.000  9000.000  9000.000  9000.000  9000.000  9000.000  9000.000  9000.000  9000.000  9000.000  9000.00000
 0.1     9000.000  9000.000  9000.000  9000.000  9000.000  9000.000  9000.000  9000.000  9000.000  9000.000  9000.00000
 0.2     9000.000  9000.000  9000.000  9000.000  9000.000  9000.000  9000.000  9000.000  9000.000  9000.000  9000.00000
 0.3      984.210  9000.000    70.638  9000.000  9000.000  9000.000  9000.000  9000.000  9000.000  9000.000  9000.00000
 0.4      973.000  9000.000    73.500  9000.000  9000.000  9000.000  9000.000  9000.000  9000.000  9000.000  9000.00000
 0.5      961.750  9000.000    68.167  9000.000  9000.000  9000.000  9000.000  9000.000  9000.000  9000.000  9000.00000
 0.6      950.700  9000.000    70.500  9000.000  9000.000  9000.000  9000.000  9000.000  9000.000  9000.000  9000.00000
 0.7      939.690  9000.000    71.577  9000.000  9000.000  9000.000  9000.000  9000.000  9000.000  9000.000  9000.00000
 0.8      928.860  9000.000    68.660  9000.000  9000.000  9000.000  9000.000  9000.000  9000.000  9000.000  9000.00000
 0.9      918.000  9000.000    66.250  9000.000  9000.000  9000.000  9000.000  9000.000  9000.000  9000.000  9000.00000
 1.0      907.330  9000.000    63.038  9000.000  9000.000  9000.000  9000.000  9000.000  9000.000  9000.000  9000.00000
 1.1      896.680  9000.000    66.907  9000.000  9000.000  9000.000  9000.000  9000.000  9000.000  9000.000  9000.00000
 1.2      886.120  9000.000    63.113  9000.000  9000.000  9000.000  9000.000  9000.000  9000.000  9000.000  9000.00000
 1.3      875.750  9000.000    54.448  9000.000  9000.000  9000.000  9000.000  9000.000  9000.000  9000.000  9000.00000
 1.4      865.440  9000.000    56.107  9000.000  9000.000  9000.000  9000.000  9000.000  9000.000  9000.000  9000.00000
 1.5      855.200  9000.000    59.370  9000.000  9000.000  9000.000  9000.000  9000.000  9000.000  9000.000  9000.00000
 1.6      845.080  9000.000    59.000  9000.000  9000.000  9000.000  9000.000  9000.000  9000.000  9000.000  9000.00000
 1.7      835.000  9000.000    59.265  9000.000  9000.000  9000.000  9000.000  9000.000  9000.000  9000.000  9000.00000
 1.8      825.100  9000.000    61.491  9000.000  9000.000  9000.000  9000.000  9000.000  9000.000  9000.000  9000.00000
 1.9      815.210  9000.000    65.294  9000.000  9000.000  9000.000  9000.000  9000.000  9000.000  9000.000  9000.00000
 2.0      805.600  9000.000    67.104  9000.000  9000.000  9000.000  9000.000  9000.000  9000.000  9000.000  9000.00000
 2.1      795.910  9000.000    76.409  9000.000  9000.000  9000.000  9000.000  9000.000  9000.000  9000.000  9000.00000
 2.2      786.310  9000.000    83.731  9000.000  9000.000  9000.000  9000.000  9000.000  9000.000  9000.000  9000.00000
 2.3      776.880  9000.000    87.720  9000.000  9000.000  9000.000  9000.000  9000.000  9000.000  9000.000  9000.00000
 2.4      767.490  9000.000    87.235  9000.000  9000.000  9000.000  9000.000  9000.000  9000.000  9000.000  9000.00000
 2.5      758.200  9000.000    86.250  9000.000  9000.000  9000.000  9000.000  9000.000  9000.000  9000.000  9000.00000
 2.6      749.000  9000.000    79.660  9000.000  9000.000  9000.000  9000.000  9000.000  9000.000  9000.000  9000.00000
 2.7      740.040  9000.000    75.926  9000.000  9000.000  9000.000  9000.000  9000.000  9000.000  9000.000  9000.00000
 2.8      731.080  9000.000    72.115  9000.000  9000.000  9000.000  9000.000  9000.000  9000.000  9000.000  9000.00000
 2.9      722.200  9000.000    77.704  9000.000  9000.000  9000.000  9000.000  9000.000  9000.000  9000.000  9000.00000
 3.0      713.350  9000.000    79.000  9000.000  9000.000  9000.000  9000.000  9000.000  9000.000  9000.000  9000.00000
 3.1      704.580  9000.000    78.204  9000.000  9000.000  9000.000  9000.000  9000.000  9000.000  9000.000  9000.00000
 3.2      696.000  9000.000    61.745  9000.000  9000.000  9000.000  9000.000  9000.000  9000.000  9000.000  9000.00000
 3.3      687.410  9000.000    47.980  9000.000  9000.000  9000.000  9000.000  9000.000  9000.000  9000.000  9000.00000
 3.4      679.040  9000.000    64.438  9000.000  9000.000  9000.000  9000.000  9000.000  9000.000  9000.000  9000.00000
 3.5      670.620  9000.000    76.510  9000.000  9000.000  9000.000  9000.000  9000.000  9000.000  9000.000  9000.00000
 3.6      662.300  9000.000    82.298  9000.000  9000.000  9000.000  9000.000  9000.000  9000.000  9000.000  9000.00000
 3.7      654.190  9000.000    79.528  9000.000  9000.000  9000.000  9000.000  9000.000  9000.000  9000.000  9000.00000
 3.8      646.100  9000.000    76.344  9000.000  9000.000  9000.000  9000.000  9000.000  9000.000  9000.000  9000.00000
 3.9      638.140  9000.000    69.787  9000.000  9000.000  9000.000  9000.000  9000.000  9000.000  9000.000  9000.00000
 4.0      630.180  9000.000    61.842  9000.000  9000.000  9000.000  9000.000  9000.000  9000.000  9000.000  9000.00000
 4.1      622.340  9000.000    70.721  9000.000  9000.000  9000.000  9000.000  9000.000  9000.000  9000.000  9000.00000
 4.2      614.570  9000.000    82.300  9000.000  9000.000  9000.000  9000.000  9000.000  9000.000  9000.000  9000.00000
 4.3      606.860  9000.000    78.241  9000.000  9000.000  9000.000  9000.000  9000.000  9000.000  9000.000  9000.00000
 4.4      599.210  9000.000    73.737  9000.000  9000.000  9000.000  9000.000  9000.000  9000.000  9000.000  9000.00000
 4.5      591.630  9000.000    65.286  9000.000  9000.000  9000.000  9000.000  9000.000  9000.000  9000.000  9000.00000
 4.6      584.150  9000.000    75.818  9000.000  9000.000  9000.000  9000.000  9000.000  9000.000  9000.000  9000.00000
 4.7      576.750  9000.000    83.263  9000.000  9000.000  9000.000  9000.000  9000.000  9000.000  9000.000  9000.00000
 4.8      569.520  9000.000    82.768  9000.000  9000.000  9000.000  9000.000  9000.000  9000.000  9000.000  9000.00000
 4.9      562.290  9000.000    78.741  9000.000  9000.000  9000.000  9000.000  9000.000  9000.000  9000.000  9000.00000
 5.0      555.070  9000.000    76.839  9000.000  9000.000  9000.000  9000.000  9000.000  9000.000  9000.000  9000.00000
 5.1      548.120  9000.000    75.102  9000.000  9000.000  9000.000  9000.000  9000.000  9000.000  9000.000  9000.00000
 5.2      541.100  9000.000    75.000  9000.000  9000.000  9000.000  9000.000  9000.000  9000.000  9000.000  9000.00000
 5.3      534.120  9000.000    74.321  9000.000  9000.000  9000.000  9000.000  9000.000  9000.000  9000.000  9000.00000
 5.4      527.300  9000.000    78.947  9000.000  9000.000  9000.000  9000.000  9000.000  9000.000  9000.000  9000.00000
 5.5      520.550  9000.000    79.000  9000.000  9000.000  9000.000  9000.000  9000.000  9000.000  9000.000  9000.00000
 5.6      513.860  9000.000    79.000  9000.000  9000.000  9000.000  9000.000  9000.000  9000.000  9000.000  9000.00000
 5.7      507.270  9000.000    79.037  9000.000  9000.000  9000.000  9000.000  9000.000  9000.000  9000.000  9000.00000
 5.8      500.660  9000.000    79.127  9000.000  9000.000  9000.000  9000.000  9000.000  9000.000  9000.000  9000.00000
 5.9      494.170  9000.000    79.000  9000.000  9000.000  9000.000  9000.000  9000.000  9000.000  9000.000  9000.00000
 6.0      487.790  9000.000    79.000  9000.000  9000.000  9000.000  9000.000  9000.000  9000.000  9000.000  9000.00000
 6.1      481.420  9000.000    79.000  9000.000  9000.000  9000.000  9000.000  9000.000  9000.000  9000.000  9000.00000
 6.2      475.160  9000.000    78.000  9000.000  9000.000  9000.000  9000.000  9000.000  9000.000  9000.000  9000.00000
 6.3      468.920  9000.000    77.000  9000.000  9000.000  9000.000  9000.000  9000.000  9000.000  9000.000  9000.00000
 6.4      462.800  9000.000    77.000  9000.000  9000.000  9000.000  9000.000  9000.000  9000.000  9000.000  9000.00000
 6.5      456.760  9000.000    78.560  9000.000  9000.000  9000.000  9000.000  9000.000  9000.000  9000.000  9000.00000
 6.6      450.700  9000.000    81.300  9000.000  9000.000  9000.000  9000.000  9000.000  9000.000  9000.000  9000.00000
 6.7      444.760  9000.000    81.720  9000.000  9000.000  9000.000  9000.000  9000.000  9000.000  9000.000  9000.00000
 6.8      438.840  9000.000    80.291  9000.000  9000.000  9000.000  9000.000  9000.000  9000.000  9000.000  9000.00000
 6.9      433.090  9000.000    75.863  9000.000  9000.000  9000.000  9000.000  9000.000  9000.000  9000.000  9000.00000
 7.0      427.330  9000.000    71.814  9000.000  9000.000  9000.000  9000.000  9000.000  9000.000  9000.000  9000.00000
 7.1      421.620  9000.000    73.191  9000.000  9000.000  9000.000  9000.000  9000.000  9000.000  9000.000  9000.00000
 7.2      416.010  9000.000    65.811  9000.000  9000.000  9000.000  9000.000  9000.000  9000.000  9000.000  9000.00000
 7.3      410.420  9000.000    62.689  9000.000  9000.000  9000.000  9000.000  9000.000  9000.000  9000.000  9000.00000
 7.4      404.900  9000.000    61.392  9000.000  9000.000  9000.000  9000.000  9000.000  9000.000  9000.000  9000.00000
 7.5      399.500  9000.000    64.804  9000.000  9000.000  9000.000  9000.000  9000.000  9000.000  9000.000  9000.00000
 7.6      394.090  9000.000    63.040  9000.000  9000.000  9000.000  9000.000  9000.000  9000.000  9000.000  9000.00000
 7.7      388.700  9000.000    65.000  9000.000  9000.000  9000.000  9000.000  9000.000  9000.000  9000.000  9000.00000
 7.8      383.500  9000.000    64.000  9000.000  9000.000  9000.000  9000.000  9000.000  9000.000  9000.000  9000.00000
 7.9      378.200  9000.000    65.000  9000.000  9000.000  9000.000  9000.000  9000.000  9000.000  9000.000  9000.00000
 8.0      373.010  9000.000    65.000  9000.000  9000.000  9000.000  9000.000  9000.000  9000.000  9000.000  9000.00000
 8.1      367.950  9000.000    65.173  9000.000  9000.000  9000.000  9000.000  9000.000  9000.000  9000.000  9000.00000
 8.2      362.860  9000.000    64.000  9000.000  9000.000  9000.000  9000.000  9000.000  9000.000  9000.000  9000.00000
 8.3      357.900  9000.000    65.000  9000.000  9000.000  9000.000  9000.000  9000.000  9000.000  9000.000  9000.00000
 8.4      352.940  9000.000    65.870  9000.000  9000.000  9000.000  9000.000  9000.000  9000.000  9000.000  9000.00000
 8.5      348.040  9000.000    63.059  9000.000  9000.000  9000.000  9000.000  9000.000  9000.000  9000.000  9000.00000
 8.6      343.190  9000.000    60.163  9000.000  9000.000  9000.000  9000.000  9000.000  9000.000  9000.000  9000.00000
 8.7      338.350  9000.000    60.900  9000.000  9000.000  9000.000  9000.000  9000.000  9000.000  9000.000  9000.00000
 8.8      333.630  9000.000    64.654  9000.000  9000.000  9000.000  9000.000  9000.000  9000.000  9000.000  9000.00000
 8.9      328.960  9000.000    63.000  9000.000  9000.000  9000.000  9000.000  9000.000  9000.000  9000.000  9000.00000
 9.0      324.370  9000.000    62.526  9000.000  9000.000  9000.000  9000.000  9000.000  9000.000  9000.000  9000.00000
 9.1      319.740  9000.000    60.638  9000.000  9000.000  9000.000  9000.000  9000.000  9000.000  9000.000  9000.00000
 9.2      315.230  9000.000    58.000  9000.000  9000.000  9000.000  9000.000  9000.000  9000.000  9000.000  9000.00000
 9.3      310.720  9000.000    58.000  9000.000  9000.000  9000.000  9000.000  9000.000  9000.000  9000.000  9000.00000
 9.4      306.240  9000.000    58.000  9000.000  9000.000  9000.000  9000.000  9000.000  9000.000  9000.000  9000.00000
 9.5      301.860  9000.000    56.000  9000.000  9000.000  9000.000  9000.000  9000.000  9000.000  9000.000  9000.00000
 9.6      297.520  9000.000    56.000  9000.000  9000.000  9000.000  9000.000  9000.000  9000.000  9000.000  9000.00000
 9.7      293.210  9000.000    55.000  9000.000  9000.000  9000.000  9000.000  9000.000  9000.000  9000.000  9000.00000
 9.8      288.950  9000.000    53.517  9000.000  9000.000  9000.000  9000.000  9000.000  9000.000  9000.000  9000.00000
 9.9      284.730  9000.000    53.000  9000.000  9000.000  9000.000  9000.000  9000.000  9000.000  9000.000  9000.00000
10.0      280.640  9000.000    52.000  9000.000  9000.000  9000.000  9000.000  9000.000  9000.000  9000.000  9000.00000
10.1      276.520  9000.000    51.627  9000.000  9000.000  9000.000  9000.000  9000.000  9000.000  9000.000  9000.00000
10.2      272.350  9000.000    50.000  9000.000  9000.000  9000.000  9000.000  9000.000  9000.000  9000.000  9000.00000
10.3      268.370  9000.000    50.000  9000.000  9000.000  9000.000  9000.000  9000.000  9000.000  9000.000  9000.00000
10.4      264.400  9000.000    50.000  9000.000  9000.000  9000.000  9000.000  9000.000  9000.000  9000.000  9000.00000
10.5      260.440  9000.000    50.000  9000.000  9000.000  9000.000  9000.000  9000.000  9000.000  9000.000  9000.00000
10.6      256.550  9000.000    49.358  9000.000  9000.000  9000.000  9000.000  9000.000  9000.000  9000.000  9000.00000
10.7      252.690  9000.000    47.472  9000.000  9000.000  9000.000  9000.000  9000.000  9000.000  9000.000  9000.00000
10.8      248.870  9000.000    46.510  9000.000  9000.000  9000.000  9000.000  9000.000  9000.000  9000.000  9000.00000
10.9      245.090  9000.000    45.551  9000.000  9000.000  9000.000  9000.000  9000.000  9000.000  9000.000  9000.00000
11.0      241.380  9000.000    45.000  9000.000  9000.000  9000.000  9000.000  9000.000  9000.000  9000.000  9000.00000
11.1      237.690  9000.000    44.000  9000.000  9000.000  9000.000  9000.000  9000.000  9000.000  9000.000  9000.00000
11.2      234.060  9000.000    43.000  9000.000  9000.000  9000.000  9000.000  9000.000  9000.000  9000.000  9000.00000
11.3      230.440  9000.000    42.831  9000.000  9000.000  9000.000  9000.000  9000.000  9000.000  9000.000  9000.00000
11.4      226.850  9000.000    42.000  9000.000  9000.000  9000.000  9000.000  9000.000  9000.000  9000.000  9000.00000
11.5      223.340  9000.000    42.000  9000.000  9000.000  9000.000  9000.000  9000.000  9000.000  9000.000  9000.00000
11.6      219.850  9000.000    41.284  9000.000  9000.000  9000.000  9000.000  9000.000  9000.000  9000.000  9000.00000
11.7      216.460  9000.000    40.000  9000.000  9000.000  9000.000  9000.000  9000.000  9000.000  9000.000  9000.00000
11.8      213.100  9000.000    38.941  9000.000  9000.000  9000.000  9000.000  9000.000  9000.000  9000.000  9000.00000
11.9      209.770  9000.000    38.000  9000.000  9000.000  9000.000  9000.000  9000.000  9000.000  9000.000  9000.00000
12.0      206.410  9000.000    37.000  9000.000  9000.000  9000.000  9000.000  9000.000  9000.000  9000.000  9000.00000
12.1      203.110  9000.000    36.000  9000.000  9000.000  9000.000  9000.000  9000.000  9000.000  9000.000  9000.00000
12.2      199.870  9000.000    34.509  9000.000  9000.000  9000.000  9000.000  9000.000  9000.000  9000.000  9000.00000
12.3      196.640  9000.000    34.000  9000.000  9000.000  9000.000  9000.000  9000.000  9000.000  9000.000  9000.00000
12.4      193.460  9000.000    34.000  9000.000  9000.000  9000.000  9000.000  9000.000  9000.000  9000.000  9000.00000
12.5      190.390  9000.000    34.000  9000.000  9000.000  9000.000  9000.000  9000.000  9000.000  9000.000  9000.00000
12.6      187.370  9000.000    33.191  9000.000  9000.000  9000.000  9000.000  9000.000  9000.000  9000.000  9000.00000
12.7      184.350  9000.000    33.000  9000.000  9000.000  9000.000  9000.000  9000.000  9000.000  9000.000  9000.00000
12.8      181.410  9000.000    33.000  9000.000  9000.000  9000.000  9000.000  9000.000  9000.000  9000.000  9000.00000
12.9      178.520  9000.000    30.160  9000.000  9000.000  9000.000  9000.000  9000.000  9000.000  9000.000  9000.00000
13.0      175.690  9000.000    30.938  9000.000  9000.000  9000.000  9000.000  9000.000  9000.000  9000.000  9000.00000
13.1      172.900  9000.000    29.396  9000.000  9000.000  9000.000  9000.000  9000.000  9000.000  9000.000  9000.00000
13.2      170.100  9000.000    25.280  9000.000  9000.000  9000.000  9000.000  9000.000  9000.000  9000.000  9000.00000
13.3      167.450  9000.000    25.000  9000.000  9000.000  9000.000  9000.000  9000.000  9000.000  9000.000  9000.00000
13.4      164.790  9000.000    23.000  9000.000  9000.000  9000.000  9000.000  9000.000  9000.000  9000.000  9000.00000
13.5      162.120  9000.000    20.860  9000.000  9000.000  9000.000  9000.000  9000.000  9000.000  9000.000  9000.00000
13.6      159.570  9000.000    18.961  9000.000  9000.000  9000.000  9000.000  9000.000  9000.000  9000.000  9000.00000
13.7      156.950  9000.000    16.000  9000.000  9000.000  9000.000  9000.000  9000.000  9000.000  9000.000  9000.00000
13.8      154.420  9000.000    16.000  9000.000  9000.000  9000.000  9000.000  9000.000  9000.000  9000.000  9000.00000
13.9      151.940  9000.000    15.000  9000.000  9000.000  9000.000  9000.000  9000.000  9000.000  9000.000  9000.00000
14.0      149.520  9000.000    15.000  9000.000  9000.000  9000.000  9000.000  9000.000  9000.000  9000.000  9000.00000
14.1      147.090  9000.000    15.549  9000.000  9000.000  9000.000  9000.000  9000.000  9000.000  9000.000  9000.00000
14.2      144.720  9000.000    15.431  9000.000  9000.000  9000.000  9000.000  9000.000  9000.000  9000.000  9000.00000
14.3      142.380  9000.000    15.000  9000.000  9000.000  9000.000  9000.000  9000.000  9000.000  9000.000  9000.00000
14.4      140.110  9000.000    15.532  9000.000  9000.000  9000.000  9000.000  9000.000  9000.000  9000.000  9000.00000
14.5      137.760  9000.000    17.000  9000.000  9000.000  9000.000  9000.000  9000.000  9000.000  9000.000  9000.00000
14.6      135.570  9000.000    15.375  9000.000  9000.000  9000.000  9000.000  9000.000  9000.000  9000.000  9000.00000
14.7      133.320  9000.000    16.000  9000.000  9000.000  9000.000  9000.000  9000.000  9000.000  9000.000  9000.00000
14.8      131.170  9000.000    16.000  9000.000  9000.000  9000.000  9000.000  9000.000  9000.000  9000.000  9000.00000
14.9      129.080  9000.000    17.000  9000.000  9000.000  9000.000  9000.000  9000.000  9000.000  9000.000  9000.00000
15.0      127.000  9000.000    16.667  9000.000  9000.000  9000.000  9000.000  9000.000  9000.000  9000.000  9000.00000
15.1      124.940  9000.000    17.000  9000.000  9000.000  9000.000  9000.000  9000.000  9000.000  9000.000  9000.00000
15.2      122.910  9000.000    16.000  9000.000  9000.000  9000.000  9000.000  9000.000  9000.000  9000.000  9000.00000
15.3      120.970  9000.000    16.000  9000.000  9000.000  9000.000  9000.000  9000.000  9000.000  9000.000  9000.00000
15.4      118.950  9000.000    15.745  9000.000  9000.000  9000.000  9000.000  9000.000  9000.000  9000.000  9000.00000
15.5      117.050  9000.000    18.308  9000.000  9000.000  9000.000  9000.000  9000.000  9000.000  9000.000  9000.00000
15.6      115.220  9000.000    19.354  9000.000  9000.000  9000.000  9000.000  9000.000  9000.000  9000.000  9000.00000
15.7      113.340  9000.000    16.373  9000.000  9000.000  9000.000  9000.000  9000.000  9000.000  9000.000  9000.00000
15.8      111.430  9000.000    14.367  9000.000  9000.000  9000.000  9000.000  9000.000  9000.000  9000.000  9000.00000
15.9      109.610  9000.000    14.000  9000.000  9000.000  9000.000  9000.000  9000.000  9000.000  9000.000  9000.00000
16.0      107.860  9000.000    14.000  9000.000  9000.000  9000.000  9000.000  9000.000  9000.000  9000.000  9000.00000
16.1      106.070  9000.000    14.000  9000.000  9000.000  9000.000  9000.000  9000.000  9000.000  9000.000  9000.00000
16.2      104.350  9000.000    12.364  9000.000  9000.000  9000.000  9000.000  9000.000  9000.000  9000.000  9000.00000
16.3      102.600  9000.000    12.000  9000.000  9000.000  9000.000  9000.000  9000.000  9000.000  9000.000  9000.00000
16.4      100.930  9000.000    12.959  9000.000  9000.000  9000.000  9000.000  9000.000  9000.000  9000.000  9000.00000
16.5       99.313  9000.000    14.000  9000.000  9000.000  9000.000  9000.000  9000.000  9000.000  9000.000  9000.00000
16.6       97.696  9000.000    13.745  9000.000  9000.000  9000.000  9000.000  9000.000  9000.000  9000.000  9000.00000
16.7       96.026  9000.000    13.000  9000.000  9000.000  9000.000  9000.000  9000.000  9000.000  9000.000  9000.00000
16.8       94.476  9000.000    13.531  9000.000  9000.000  9000.000  9000.000  9000.000  9000.000  9000.000  9000.00000
16.9       92.915  9000.000    13.519  9000.000  9000.000  9000.000  9000.000  9000.000  9000.000  9000.000  9000.00000
17.0       91.417  9000.000    13.479  9000.000  9000.000  9000.000  9000.000  9000.000  9000.000  9000.000  9000.00000
17.1       89.924  9000.000    14.529  9000.000  9000.000  9000.000  9000.000  9000.000  9000.000  9000.000  9000.00000
17.2       88.462  9000.000    14.000  9000.000  9000.000  9000.000  9000.000  9000.000  9000.000  9000.000  9000.00000
17.3       86.944  9000.000    14.000  9000.000  9000.000  9000.000  9000.000  9000.000  9000.000  9000.000  9000.00000
17.4       85.528  9000.000    14.000  9000.000  9000.000  9000.000  9000.000  9000.000  9000.000  9000.000  9000.00000
17.5       84.174  9000.000    14.000  9000.000  9000.000  9000.000  9000.000  9000.000  9000.000  9000.000  9000.00000
17.6       82.713  9000.000    13.125  9000.000  9000.000  9000.000  9000.000  9000.000  9000.000  9000.000  9000.00000
17.7       81.350  9000.000    16.000  9000.000  9000.000  9000.000  9000.000  9000.000  9000.000  9000.000  9000.00000
17.8       80.018  9000.000    14.882  9000.000  9000.000  9000.000  9000.000  9000.000  9000.000  9000.000  9000.00000
17.9       78.727  9000.000    14.000  9000.000  9000.000  9000.000  9000.000  9000.000  9000.000  9000.000  9000.00000
18.0       77.370  9000.000    13.000  9000.000  9000.000  9000.000  9000.000  9000.000  9000.000  9000.000  9000.00000
18.1       76.104  9000.000    13.000  9000.000  9000.000  9000.000  9000.000  9000.000  9000.000  9000.000  9000.00000
18.2       74.860  9000.000    13.000  9000.000  9000.000  9000.000  9000.000  9000.000  9000.000  9000.000  9000.00000
18.3       73.625  9000.000    13.542  9000.000  9000.000  9000.000  9000.000  9000.000  9000.000  9000.000  9000.00000
18.4       72.413  9000.000    12.426  9000.000  9000.000  9000.000  9000.000  9000.000  9000.000  9000.000  9000.00000
18.5       71.233  9000.000    12.000  9000.000  9000.000  9000.000  9000.000  9000.000  9000.000  9000.000  9000.00000
18.6       69.980  9000.000    12.000  9000.000  9000.000  9000.000  9000.000  9000.000  9000.000  9000.000  9000.00000
18.7       68.884  9000.000    13.694  9000.000  9000.000  9000.000  9000.000  9000.000  9000.000  9000.000  9000.00000
18.8       67.770  9000.000    14.000  9000.000  9000.000  9000.000  9000.000  9000.000  9000.000  9000.000  9000.00000
18.9       66.659  9000.000    14.000  9000.000  9000.000  9000.000  9000.000  9000.000  9000.000  9000.000  9000.00000
19.0       65.520  9000.000    13.000  9000.000  9000.000  9000.000  9000.000  9000.000  9000.000  9000.000  9000.00000
19.1       64.455  9000.000    13.509  9000.000  9000.000  9000.000  9000.000  9000.000  9000.000  9000.000  9000.00000
19.2       63.400  9000.000    12.000  9000.000  9000.000  9000.000  9000.000  9000.000  9000.000  9000.000  9000.00000
19.3       62.350  9000.000    12.000  9000.000  9000.000  9000.000  9000.000  9000.000  9000.000  9000.000  9000.00000
19.4       61.380  9000.000    13.000  9000.000  9000.000  9000.000  9000.000  9000.000  9000.000  9000.000  9000.00000
19.5       60.346  9000.000    13.000  9000.000  9000.000  9000.000  9000.000  9000.000  9000.000  9000.000  9000.00000
19.6       59.304  9000.000    13.392  9000.000  9000.000  9000.000  9000.000  9000.000  9000.000  9000.000  9000.00000
19.7       58.414  9000.000    16.000  9000.000  9000.000  9000.000  9000.000  9000.000  9000.000  9000.000  9000.00000
19.8       57.433  9000.000    17.000  9000.000  9000.000  9000.000  9000.000  9000.000  9000.000  9000.000  9000.00000
19.9       56.537  9000.000    18.327  9000.000  9000.000  9000.000  9000.000  9000.000  9000.000  9000.000  9000.00000
20.0       55.585  9000.000    18.712  9000.000  9000.000  9000.000  9000.000  9000.000  9000.000  9000.000  9000.00000
20.1       54.733  9000.000    17.000  9000.000  9000.000  9000.000  9000.000  9000.000  9000.000  9000.000  9000.00000
20.2       53.840  9000.000    17.321  9000.000  9000.000  9000.000  9000.000  9000.000  9000.000  9000.000  9000.00000
20.3       52.925  9000.000    17.000  9000.000  9000.000  9000.000  9000.000  9000.000  9000.000  9000.000  9000.00000
20.4       52.070  9000.000    16.925  9000.000  9000.000  9000.000  9000.000  9000.000  9000.000  9000.000  9000.00000
20.5       51.322  9000.000    15.056  9000.000  9000.000  9000.000  9000.000  9000.000  9000.000  9000.000  9000.00000
20.6       50.443  9000.000    15.714  9000.000  9000.000  9000.000  9000.000  9000.000  9000.000  9000.000  9000.00000
20.7       49.685  9000.000    18.538  9000.000  9000.000  9000.000  9000.000  9000.000  9000.000  9000.000  9000.00000
20.8       48.848  9000.000    18.000  9000.000  9000.000  9000.000  9000.000  9000.000  9000.000  9000.000  9000.00000
20.9       48.042  9000.000    15.855  9000.000  9000.000  9000.000  9000.000  9000.000  9000.000  9000.000  9000.00000
21.0       47.293  9000.000    16.000  9000.000  9000.000  9000.000  9000.000  9000.000  9000.000  9000.000  9000.00000
21.1       46.586  9000.000    15.214  9000.000  9000.000  9000.000  9000.000  9000.000  9000.000  9000.000  9000.00000
21.2       45.831  9000.000    14.327  9000.000  9000.000  9000.000  9000.000  9000.000  9000.000  9000.000  9000.00000
21.3       45.107  9000.000    13.517  9000.000  9000.000  9000.000  9000.000  9000.000  9000.000  9000.000  9000.00000
21.4       44.346  9000.000    13.000  9000.000  9000.000  9000.000  9000.000  9000.000  9000.000  9000.000  9000.00000
21.5       43.664  9000.000    14.000  9000.000  9000.000  9000.000  9000.000  9000.000  9000.000  9000.000  9000.00000
21.6       42.944  9000.000    14.140  9000.000  9000.000  9000.000  9000.000  9000.000  9000.000  9000.000  9000.00000
21.7       42.306  9000.000    15.981  9000.000  9000.000  9000.000  9000.000  9000.000  9000.000  9000.000  9000.00000
21.8       41.640  9000.000    18.868  9000.000  9000.000  9000.000  9000.000  9000.000  9000.000  9000.000  9000.00000
21.9       40.975  9000.000    15.750  9000.000  9000.000  9000.000  9000.000  9000.000  9000.000  9000.000  9000.00000
22.0       40.312  9000.000    11.280  9000.000  9000.000  9000.000  9000.000  9000.000  9000.000  9000.000  9000.00000
22.1       39.694  9000.000    13.373  9000.000  9000.000  9000.000  9000.000  9000.000  9000.000  9000.000  9000.00000
22.2       39.102  9000.000    16.320  9000.000  9000.000  9000.000  9000.000  9000.000  9000.000  9000.000  9000.00000
22.3       38.430  9000.000    18.566  9000.000  9000.000  9000.000  9000.000  9000.000  9000.000  9000.000  9000.00000
22.4       37.844  9000.000    17.480  9000.000  9000.000  9000.000  9000.000  9000.000  9000.000  9000.000  9000.00000
22.5       37.261  9000.000    16.000  9000.000  9000.000  9000.000  9000.000  9000.000  9000.000  9000.000  9000.00000
22.6       36.722  9000.000    18.740  9000.000  9000.000  9000.000  9000.000  9000.000  9000.000  9000.000  9000.00000
22.7       36.138  9000.000    18.000  9000.000  9000.000  9000.000  9000.000  9000.000  9000.000  9000.000  9000.00000
22.8       35.590  9000.000    15.931  9000.000  9000.000  9000.000  9000.000  9000.000  9000.000  9000.000  9000.00000
22.9       35.064  9000.000    12.429  9000.000  9000.000  9000.000  9000.000  9000.000  9000.000  9000.000  9000.00000
23.0       34.523  9000.000    13.179  9000.000  9000.000  9000.000  9000.000  9000.000  9000.000  9000.000  9000.00000
23.1       33.904  9000.000    14.321  9000.000  9000.000  9000.000  9000.000  9000.000  9000.000  9000.000  9000.00000
23.2       33.453  9000.000    13.686  9000.000  9000.000  9000.000  9000.000  9000.000  9000.000  9000.000  9000.00000
23.3       32.920  9000.000    10.131  9000.000  9000.000  9000.000  9000.000  9000.000  9000.000  9000.000  9000.00000
23.4       32.422  9000.000     7.407  9000.000  9000.000  9000.000  9000.000  9000.000  9000.000  9000.000  9000.00000
23.5       31.921  9000.000     6.000  9000.000  9000.000  9000.000  9000.000  9000.000  9000.000  9000.000  9000.00000
23.6       31.434  9000.000     5.113  9000.000  9000.000  9000.000  9000.000  9000.000  9000.000  9000.000  9000.00000
23.7       30.935  9000.000     6.824  9000.000  9000.000  9000.000  9000.000  9000.000  9000.000  9000.000  9000.00000
23.8       30.444  9000.000     8.780  9000.000  9000.000  9000.000  9000.000  9000.000  9000.000  9000.000  9000.00000
23.9       29.974  9000.000     8.000  9000.000  9000.000  9000.000  9000.000  9000.000  9000.000  9000.000  9000.00000
24.0       29.506  9000.000     8.943  9000.000  9000.000  9000.000  9000.000  9000.000  9000.000  9000.000  9000.00000
24.1       29.039  9000.000    13.911  9000.000  9000.000  9000.000  9000.000  9000.000  9000.000  9000.000  9000.00000
24.2       28.574  9000.000    12.868  9000.000  9000.000  9000.000  9000.000  9000.000  9000.000  9000.000  9000.00000
24.3       28.116  9000.000    11.053  9000.000  9000.000  9000.000  9000.000  9000.000  9000.000  9000.000  9000.00000
24.4       27.760  9000.000    11.702  9000.000  9000.000  9000.000  9000.000  9000.000  9000.000  9000.000  9000.00000
24.5       27.298  9000.000    12.509  9000.000  9000.000  9000.000  9000.000  9000.000  9000.000  9000.000  9000.00000
24.6       26.897  9000.000    15.690  9000.000  9000.000  9000.000  9000.000  9000.000  9000.000  9000.000  9000.00000
24.7       26.489  9000.000    19.000  9000.000  9000.000  9000.000  9000.000  9000.000  9000.000  9000.000  9000.00000
24.8       26.044  9000.000    17.291  9000.000  9000.000  9000.000  9000.000  9000.000  9000.000  9000.000  9000.00000
24.9       25.690  9000.000    13.450  9000.000  9000.000  9000.000  9000.000  9000.000  9000.000  9000.000  9000.00000
25.0       25.266  9000.000    10.828  9000.000  9000.000  9000.000  9000.000  9000.000  9000.000  9000.000  9000.00000
25.1       24.918  9000.000    10.000  9000.000  9000.000  9000.000  9000.000  9000.000  9000.000  9000.000  9000.00000
25.2       24.476  9000.000    12.862  9000.000  9000.000  9000.000  9000.000  9000.000  9000.000  9000.000  9000.00000
25.3       24.119  9000.000    15.000  9000.000  9000.000  9000.000  9000.000  9000.000  9000.000  9000.000  9000.00000
25.4       23.777  9000.000    15.000  9000.000  9000.000  9000.000  9000.000  9000.000  9000.000  9000.000  9000.00000
25.5       23.379  9000.000    15.000  9000.000  9000.000  9000.000  9000.000  9000.000  9000.000  9000.000  9000.00000
25.6       23.030  9000.000    15.651  9000.000  9000.000  9000.000  9000.000  9000.000  9000.000  9000.000  9000.00000
25.7       22.685  9000.000    16.927  9000.000  9000.000  9000.000  9000.000  9000.000  9000.000  9000.000  9000.00000
25.8       22.331  9000.000    15.155  9000.000  9000.000  9000.000  9000.000  9000.000  9000.000  9000.000  9000.00000
25.9       21.974  9000.000    15.630  9000.000  9000.000  9000.000  9000.000  9000.000  9000.000  9000.000  9000.00000
26.0       21.657  9000.000    15.477  9000.000  9000.000  9000.000  9000.000  9000.000  9000.000  9000.000  9000.00000
26.1       21.290  9000.000    17.050  9000.000  9000.000  9000.000  9000.000  9000.000  9000.000  9000.000  9000.00000
26.2       21.027  9000.000    18.000  9000.000  9000.000  9000.000  9000.000  9000.000  9000.000  9000.000  9000.00000
26.3       20.686  9000.000    17.569  9000.000  9000.000  9000.000  9000.000  9000.000  9000.000  9000.000  9000.00000
26.4       20.355  9000.000    18.000  9000.000  9000.000  9000.000  9000.000  9000.000  9000.000  9000.000  9000.00000
26.5       20.030  9000.000    18.852  9000.000  9000.000  9000.000  9000.000  9000.000  9000.000  9000.000  9000.00000
26.6       19.790  9000.000    17.103  9000.000  9000.000  9000.000  9000.000  9000.000  9000.000  9000.000  9000.00000
26.7       19.443  9000.000    19.000  9000.000  9000.000  9000.000  9000.000  9000.000  9000.000  9000.000  9000.00000
26.8       19.210  9000.000    19.000  9000.000  9000.000  9000.000  9000.000  9000.000  9000.000  9000.000  9000.00000
26.9       18.916  9000.000    18.000  9000.000  9000.000  9000.000  9000.000  9000.000  9000.000  9000.000  9000.00000
27.0       18.618  9000.000    18.910  9000.000  9000.000  9000.000  9000.000  9000.000  9000.000  9000.000  9000.00000
27.1       18.312  9000.000    20.119  9000.000  9000.000  9000.000  9000.000  9000.000  9000.000  9000.000  9000.00000
27.2       18.085  9000.000    16.848  9000.000  9000.000  9000.000  9000.000  9000.000  9000.000  9000.000  9000.00000
27.3       17.780  9000.000    14.400  9000.000  9000.000  9000.000  9000.000  9000.000  9000.000  9000.000  9000.00000
27.4       17.489  9000.000    13.000  9000.000  9000.000  9000.000  9000.000  9000.000  9000.000  9000.000  9000.00000
27.5       17.275  9000.000    13.000  9000.000  9000.000  9000.000  9000.000  9000.000  9000.000  9000.000  9000.00000
27.6       16.986  9000.000    12.000  9000.000  9000.000  9000.000  9000.000  9000.000  9000.000  9000.000  9000.00000
27.7       16.769  9000.000    12.000  9000.000  9000.000  9000.000  9000.000  9000.000  9000.000  9000.000  9000.00000
27.8       16.481  9000.000    11.000  9000.000  9000.000  9000.000  9000.000  9000.000  9000.000  9000.000  9000.00000
27.9       16.250  9000.000    11.000  9000.000  9000.000  9000.000  9000.000  9000.000  9000.000  9000.000  9000.00000
28.0       16.046  9000.000    10.462  9000.000  9000.000  9000.000  9000.000  9000.000  9000.000  9000.000  9000.00000
28.1       15.800  9000.000     9.000  9000.000  9000.000  9000.000  9000.000  9000.000  9000.000  9000.000  9000.00000
28.2       15.535  9000.000     8.676  9000.000  9000.000  9000.000  9000.000  9000.000  9000.000  9000.000  9000.00000
28.3       15.324  9000.000     8.000  9000.000  9000.000  9000.000  9000.000  9000.000  9000.000  9000.000  9000.00000
28.4       15.056  9000.000     9.000  9000.000  9000.000  9000.000  9000.000  9000.000  9000.000  9000.000  9000.00000
28.5       14.869  9000.000    12.204  9000.000  9000.000  9000.000  9000.000  9000.000  9000.000  9000.000  9000.00000
28.6       14.591  9000.000    14.908  9000.000  9000.000  9000.000  9000.000  9000.000  9000.000  9000.000  9000.00000
28.7       14.439  9000.000    13.388  9000.000  9000.000  9000.000  9000.000  9000.000  9000.000  9000.000  9000.00000
28.8       14.186  9000.000    13.000  9000.000  9000.000  9000.000  9000.000  9000.000  9000.000  9000.000  9000.00000
28.9       14.026  9000.000    12.262  9000.000  9000.000  9000.000  9000.000  9000.000  9000.000  9000.000  9000.00000
29.0       13.764  9000.000    12.000  9000.000  9000.000  9000.000  9000.000  9000.000  9000.000  9000.000  9000.00000
29.1       13.602  9000.000    11.016  9000.000  9000.000  9000.000  9000.000  9000.000  9000.000  9000.000  9000.00000
29.2       13.348  9000.000    11.000  9000.000  9000.000  9000.000  9000.000  9000.000  9000.000  9000.000  9000.00000
29.3       13.194  9000.000    10.000  9000.000  9000.000  9000.000  9000.000  9000.000  9000.000  9000.000  9000.00000
29.4       12.971  9000.000     9.355  9000.000  9000.000  9000.000  9000.000  9000.000  9000.000  9000.000  9000.00000
29.5       12.775  9000.000     9.000  9000.000  9000.000  9000.000  9000.000  9000.000  9000.000  9000.000  9000.00000
29.6       12.620  9000.000     8.203  9000.000  9000.000  9000.000  9000.000  9000.000  9000.000  9000.000  9000.00000
29.7       12.423  9000.000     5.617  9000.000  9000.000  9000.000  9000.000  9000.000  9000.000  9000.000  9000.00000
29.8       12.203  9000.000     4.031  9000.000  9000.000  9000.000  9000.000  9000.000  9000.000  9000.000  9000.00000
29.9       12.049  9000.000     2.492  9000.000  9000.000  9000.000  9000.000  9000.000  9000.000  9000.000  9000.00000
30.0       11.889  9000.000     2.000  9000.000  9000.000  9000.000  9000.000  9000.000  9000.000  9000.000  9000.00000
30.1       11.722  9000.000     2.000  9000.000  9000.000  9000.000  9000.000  9000.000  9000.000  9000.000  9000.00000
30.2       11.560  9000.000     2.403  9000.000  9000.000  9000.000  9000.000  9000.000  9000.000  9000.000  9000.00000
30.3       11.303  9000.000     3.000  9000.000  9000.000  9000.000  9000.000  9000.000  9000.000  9000.000  9000.00000
30.4       11.143  9000.000     2.000  9000.000  9000.000  9000.000  9000.000  9000.000  9000.000  9000.000  9000.00000
30.5       10.971  9000.000     2.576  9000.000  9000.000  9000.000  9000.000  9000.000  9000.000  9000.000  9000.00000
30.6       10.824  9000.000     4.000  9000.000  9000.000  9000.000  9000.000  9000.000  9000.000  9000.000  9000.00000
30.7       10.678  9000.000     4.224  9000.000  9000.000  9000.000  9000.000  9000.000  9000.000  9000.000  9000.00000
30.8       10.534  9000.000     6.315  9000.000  9000.000  9000.000  9000.000  9000.000  9000.000  9000.000  9000.00000
30.9       10.406  9000.000     1.375  9000.000  9000.000  9000.000  9000.000  9000.000  9000.000  9000.000  9000.00000
31.0       10.232  9000.000     2.938  9000.000  9000.000  9000.000  9000.000  9000.000  9000.000  9000.000  9000.00000
31.1       10.094  9000.000     3.000  9000.000  9000.000  9000.000  9000.000  9000.000  9000.000  9000.000  9000.00000
31.2        9.944  9000.000     3.000  9000.000  9000.000  9000.000  9000.000  9000.000  9000.000  9000.000  9000.00000
31.3        9.794  9000.000     2.000  9000.000  9000.000  9000.000  9000.000  9000.000  9000.000  9000.000  9000.00000
31.4        9.645  9000.000     2.000  9000.000  9000.000  9000.000  9000.000  9000.000  9000.000  9000.000  9000.00000
31.5        9.492  9000.000     2.077  9000.000  9000.000  9000.000  9000.000  9000.000  9000.000  9000.000  9000.00000
31.6        9.338  9000.000     2.375  9000.000  9000.000  9000.000  9000.000  9000.000  9000.000  9000.000  9000.00000
31.7        9.285  9000.000     1.294  9000.000  9000.000  9000.000  9000.000  9000.000  9000.000  9000.000  9000.00000
31.8        9.137  9000.000     3.000  9000.000  9000.000  9000.000  9000.000  9000.000  9000.000  9000.000  9000.00000
31.9        8.983  9000.000     3.000  9000.000  9000.000  9000.000  9000.000  9000.000  9000.000  9000.000  9000.00000
32.0        8.830  9000.000     2.297  9000.000  9000.000  9000.000  9000.000  9000.000  9000.000  9000.000  9000.00000
32.1        8.700  9000.000     6.424  9000.000  9000.000  9000.000  9000.000  9000.000  9000.000  9000.000  9000.00000
32.2        8.600  9000.000     2.000  9000.000  9000.000  9000.000  9000.000  9000.000  9000.000  9000.000  9000.00000
32.3        8.435  9000.000     1.349  9000.000  9000.000  9000.000  9000.000  9000.000  9000.000  9000.000  9000.00000
32.4        8.378  9000.000  9000.000  9000.000  9000.000  9000.000  9000.000  9000.000  9000.000  9000.000  9000.00000
32.5     9000.000  9000.000  9000.000  9000.000  9000.000  9000.000  9000.000  9000.000  9000.000  9000.000  9000.00000
32.6     9000.000  9000.000  9000.000  9000.000  9000.000  9000.000  9000.000  9000.000  9000.000  9000.000  9000.00000
32.7     9000.000  9000.000  9000.000  9000.000  9000.000  9000.000  9000.000  9000.000  9000.000  9000.000  9000.00000
32.8     9000.000  9000.000  9000.000  9000.000  9000.000  9000.000  9000.000  9000.000  9000.000  9000.000  9000.00000
32.9     9000.000  9000.000  9000.000  9000.000  9000.000  9000.000  9000.000  9000.000  9000.000  9000.000  9000.00000
33.0     9000.000  9000.000  9000.000  9000.000  9000.000  9000.000  9000.000  9000.000  9000.000  9000.000  9000.00000
33.1     9000.000  9000.000  9000.000  9000.000  9000.000  9000.000  9000.000  9000.000  9000.000  9000.000  9000.00000
33.2     9000.000  9000.000  9000.000  9000.000  9000.000  9000.000  9000.000  9000.000  9000.000  9000.000  9000.00000
33.3     9000.000  9000.000  9000.000  9000.000  9000.000  9000.000  9000.000  9000.000  9000.000  9000.000  9000.00000
33.4     9000.000  9000.000  9000.000  9000.000  9000.000  9000.000  9000.000  9000.000  9000.000  9000.000  9000.00000
33.5     9000.000  9000.000  9000.000  9000.000  9000.000  9000.000  9000.000  9000.000  9000.000  9000.000  9000.00000
33.6     9000.000  9000.000  9000.000  9000.000  9000.000  9000.000  9000.000  9000.000  9000.000  9000.000  9000.00000
33.7     9000.000  9000.000  9000.000  9000.000  9000.000  9000.000  9000.000  9000.000  9000.000  9000.000  9000.00000
33.8     9000.000  9000.000  9000.000  9000.000  9000.000  9000.000  9000.000  9000.000  9000.000  9000.000  9000.00000
33.9     9000.000  9000.000  9000.000  9000.000  9000.000  9000.000  9000.000  9000.000  9000.000  9000.000  9000.00000
34.0     9000.000  9000.000  9000.000  9000.000  9000.000  9000.000  9000.000  9000.000  9000.000  9000.000  9000.00000
34.1     9000.000  9000.000  9000.000  9000.000  9000.000  9000.000  9000.000  9000.000  9000.000  9000.000  9000.00000
34.2     9000.000  9000.000  9000.000  9000.000  9000.000  9000.000  9000.000  9000.000  9000.000  9000.000  9000.00000
34.3     9000.000  9000.000  9000.000  9000.000  9000.000  9000.000  9000.000  9000.000  9000.000  9000.000  9000.00000
34.4     9000.000  9000.000  9000.000  9000.000  9000.000  9000.000  9000.000  9000.000  9000.000  9000.000  9000.00000
34.5     9000.000  9000.000  9000.000  9000.000  9000.000  9000.000  9000.000  9000.000  9000.000  9000.000  9000.00000
34.6     9000.000  9000.000  9000.000  9000.000  9000.000  9000.000  9000.000  9000.000  9000.000  9000.000  9000.00000
34.7     9000.000  9000.000  9000.000  9000.000  9000.000  9000.000  9000.000  9000.000  9000.000  9000.000  9000.00000
34.8     9000.000  9000.000  9000.000  9000.000  9000.000  9000.000  9000.000  9000.000  9000.000  9000.000  9000.00000
34.9     9000.000  9000.000  9000.000  9000.000  9000.000  9000.000  9000.000  9000.000  9000.000  9000.000  9000.00000
35.0     9000.000  9000.000  9000.000  9000.000  9000.000  9000.000  9000.000  9000.000  9000.000  9000.000  9000.00000