CR2/DMC Archive                  : http://www.cr2.cl/recursos-y-publicaciones/datos-ozonosonda/
STATION                          : Easter Island, Chile
Data Provider                    : DMC Dirección Meteorológica de Chile, GAW Program
Data Compilation                 : 26 July, 2016, by CR2 Center for Climate and Resilience Research, data interpolated every 100m
Latitude (deg)                   : -27.16
Longitude (deg)                  : -109.43
Elevation (m)                    : 41.0
Launch Date                      : 20100611 
Launch Time (UT)                 : 
Highest level reached (hPa)      : 11.000
Integrated O3 until EOF (DU)     : 195.929
Sonde/Sage Climatology(1988-2002): 
Sonde Instrument, SN             : SPC 6A 
Radiosonde, SN                   : Vaisala, CCE64B
Solution                         : 1.0% buffered
Applied pump corrections         : 
Pump flow rate (sec/100ml)       : 9000
Background current (uA)          : 9000
Missing or bad values            : 9000
Alt       Press     Temp      RH        O3        O3        O3        u         v         Theta     Theta e   Q         
km        hPa       K         %         mPa       ppbv      DU        m/s       m/s       K         K         g/kg      
 0.0     9000.000  9000.000  9000.000  9000.000  9000.000  9000.000  9000.000  9000.000  9000.000  9000.000  9000.00000
 0.1     9000.000  9000.000  9000.000  9000.000  9000.000  9000.000  9000.000  9000.000  9000.000  9000.000  9000.00000
 0.2     9000.000  9000.000  9000.000  9000.000  9000.000  9000.000  9000.000  9000.000  9000.000  9000.000  9000.00000
 0.3      990.420   289.270    61.919     2.825    28.527     0.263     3.946     4.469   290.060   307.420     0.00724
 0.4      978.880   288.280    65.171     2.818    28.791     0.526     3.342     3.584   290.040   307.450     0.00723
 0.5      967.310   287.340    67.420     2.800    28.946     0.789     3.305     4.044   290.070   307.270     0.00712
 0.6      955.870   286.330    70.000     2.790    29.188     1.051     2.882     4.734   290.030   307.000     0.00700
 0.7      944.590   285.440    73.027     2.769    29.319     1.312     3.234     5.181   290.110   307.060     0.00697
 0.8      933.410   284.460    76.000     2.715    29.091     1.569     2.633     5.013   290.100   306.870     0.00687
 0.9      922.270   283.520    79.872     2.706    29.337     1.826     2.061     4.508   290.130   306.940     0.00686
 1.0      911.290   282.540    84.026     2.660    29.192     2.080     2.243     4.354   290.120   306.930     0.00684
 1.1      900.310   281.600    88.263     2.651    29.446     2.333     3.339     4.047   290.150   306.970     0.00682
 1.2      889.480   280.720    92.000     2.641    29.688     2.587     2.754     3.476   290.240   307.020     0.00677
 1.3      878.840   279.740    95.571     2.609    29.687     2.838     2.534     4.304   290.220   306.770     0.00665
 1.4      868.180   279.550    89.130     2.605    30.008     3.089     2.074     3.282   291.030   306.490     0.00619
 1.5      857.720   283.740    39.412     2.701    31.486     3.345     0.570     2.870   296.420   305.600     0.00365
 1.6      847.470   284.880     7.676     2.943    34.727     3.623     1.192     3.244   298.630   300.660     0.00079
 1.7      837.300   284.850     7.000     3.050    36.427     3.911     0.544     5.171   299.630   301.510     0.00073
 1.8      827.400   284.280     8.000     3.131    37.841     4.208    -0.838     4.690   300.050   302.150     0.00081
 1.9      817.490   283.760     8.000     3.131    38.305     4.505    -0.999     5.205   300.530   302.590     0.00079
 2.0      807.730   283.460     7.295     3.159    39.108     4.805    -1.678     4.035   301.240   303.120     0.00071
 2.1      797.970   282.910     6.300     3.155    39.538     5.105    -2.087     4.334   301.690   303.300     0.00060
 2.2      788.480   282.600     6.000     3.020    38.299     5.393    -1.481     4.299   302.390   303.920     0.00057
 2.3      778.960   281.930    12.909     2.894    37.159     5.670    -1.157     4.413   302.720   305.820     0.00118
 2.4      769.640   281.610    12.273     2.854    37.081     5.942    -2.154     4.575   303.420   306.350     0.00111
 2.5      760.360   281.550    10.000     2.896    38.087     6.219    -1.585     3.908   304.400   306.850     0.00091
 2.6      751.120   281.580     9.000     2.962    39.436     6.503    -1.138     3.910   305.490   307.740     0.00083
 2.7      742.140   280.920     9.000     2.989    40.274     6.789    -1.775     4.743   305.820   308.020     0.00081
 2.8      733.080   280.280    15.435     2.905    39.621     7.068    -1.106     5.874   306.190   309.790     0.00134
 2.9      724.260   279.670    35.000     2.494    34.435     7.308    -0.162     6.658   306.590   314.420     0.00295
 3.0      715.390   278.960    30.073     2.350    32.849     7.535    -0.136     7.784   306.880   313.410     0.00244
 3.1      706.710   278.140    37.286     2.306    32.636     7.758     0.939     8.001   307.050   314.800     0.00290
 3.2      698.140   277.500    35.000     2.325    33.299     7.984     0.810     7.058   307.410   314.490     0.00263
 3.3      689.590   276.890    34.053     2.270    32.918     8.205     0.212     7.322   307.810   314.520     0.00248
 3.4      681.120   276.270    36.762     2.249    33.027     8.424     0.554     8.157   308.210   315.250     0.00259
 3.5      672.820   275.580    35.923     2.194    32.603     8.638     1.262     7.384   308.510   315.170     0.00244
 3.6      664.470   275.160    32.154     2.141    32.222     8.848     1.323     7.468   309.130   315.030     0.00215
 3.7      656.310   274.950    26.692     2.219    33.806     9.065     2.521     8.650   309.990   314.920     0.00178
 3.8      648.250   274.420    30.171     2.156    33.254     9.277     3.949     8.869   310.490   315.930     0.00196
 3.9      640.180   273.760    33.000     1.952    30.488     9.469     4.226     9.063   310.840   316.600     0.00207
 4.0      632.230   272.990    34.000     1.883    29.786     9.654     3.755     8.182   311.070   316.770     0.00204
 4.1      624.390   272.220    34.000     1.889    30.254     9.841     3.695     8.337   311.300   316.790     0.00195
 4.2      616.670   271.660    30.744     1.870    30.324    10.027     3.609     7.939   311.760   316.620     0.00172
 4.3      608.870   271.090    32.561     1.846    30.316    10.210     3.921     6.642   312.250   317.260     0.00176
 4.4      601.250   270.330    36.000     1.806    30.034    10.390     3.426     7.506   312.490   317.810     0.00187
 4.5      593.730   269.290    36.912     1.800    30.317    10.570     3.141     7.810   312.390   317.530     0.00179
 4.6      586.210   268.400    38.513     1.800    30.706    10.750     3.453     7.362   312.500   317.590     0.00177
 4.7      578.770   267.460    43.929     1.771    30.594    10.929     3.984     7.167   312.540   318.030     0.00190
 4.8      571.440   266.600    46.000     1.706    29.848    11.101     3.583     6.876   312.670   318.160     0.00189
 4.9      564.210   266.260    47.842     1.705    30.224    11.273     3.399     6.002   313.410   319.050     0.00194
 5.0      557.010   266.500    30.818     1.756    31.516    11.451     4.083     5.312   314.840   318.670     0.00129
 5.1      549.860   266.350    23.349     1.796    32.672    11.632     4.282     5.869   315.820   318.790     0.00098
 5.2      542.890   266.150    16.000     1.926    35.481    11.827     3.557     5.836   316.730   318.830     0.00067
 5.3      535.990   265.300    16.000     2.014    37.577    12.032     2.588     5.399   316.870   318.880     0.00063
 5.4      529.130   264.630    14.000     2.099    39.669    12.245     1.659     4.322   317.230   318.970     0.00053
 5.5      522.270   263.970    14.000     2.113    40.466    12.461     1.102     3.073   317.620   319.310     0.00051
 5.6      515.620   263.030    15.732     2.039    39.540    12.670     0.555     2.547   317.650   319.430     0.00054
 5.7      508.930   262.250    18.000     2.002    39.343    12.875    -0.485     2.777   317.880   319.810     0.00059
 5.8      502.350   261.290    18.596     1.968    39.177    13.078    -1.212     2.723   317.900   319.790     0.00057
 5.9      495.860   260.320    19.837     1.925    38.819    13.277    -0.720     3.046   317.890   319.780     0.00057
 6.0      489.340   259.320    20.000     1.939    39.626    13.478    -0.501     4.951   317.870   319.680     0.00054
 6.1      482.970   258.450    20.000     1.930    39.956    13.679    -0.472     5.884   317.980   319.710     0.00051
 6.2      476.630   258.370    10.778     1.920    40.283    13.879    -1.704     5.978   319.090   320.140     0.00028
 6.3      470.380   258.570     7.000     1.864    39.634    14.074    -3.606     6.307   320.530   321.330     0.00018
 6.4      464.160   257.880     7.000     1.816    39.119    14.263    -4.016     6.468   320.890   321.670     0.00018
 6.5      458.030   257.090     8.000     1.767    38.580    14.448    -3.883     7.962   321.130   321.950     0.00019
 6.6      452.010   256.240     8.000     1.706    37.746    14.628    -4.253     8.837   321.280   322.080     0.00018
 6.7      445.940   255.300     9.150     1.657    37.157    14.802    -4.257     9.631   321.340   322.180     0.00019
 6.8      440.040   254.620     9.350     1.597    36.292    14.971    -3.735    10.831   321.690   322.530     0.00019
 6.9      434.170   254.100     7.750     1.590    36.621    15.140    -3.010    11.641   322.260   323.000     0.00015
 7.0      428.340   253.480     6.000     1.616    37.727    15.311    -2.104    11.666   322.720   323.340     0.00011
 7.1      422.670   252.580     6.000     1.889    44.690    15.513    -2.232    11.485   322.800   323.400     0.00011
 7.2      416.940   251.710     6.000     1.926    46.203    15.719    -1.648    12.022   322.940   323.540     0.00010
 7.3      411.360   250.960     6.000     1.762    42.825    15.908    -1.353    12.824   323.210   323.790     0.00009
 7.4      405.740   250.320     6.000     1.588    39.136    16.079    -1.375    13.084   323.650   324.230     0.00009
 7.5      400.240   249.390     6.000     1.532    38.264    16.244    -1.159    12.862   323.710   324.280     0.00008
 7.6      394.760   248.540     6.000     1.482    37.533    16.405    -0.845    12.087   323.870   324.430     0.00008
 7.7      389.360   247.720     6.000     1.399    35.938    16.557    -1.044    11.551   324.070   324.620     0.00007
 7.8      384.010   246.860     6.000     1.301    33.891    16.699    -1.020    11.550   324.230   324.770     0.00007
 7.9      378.770   246.230     5.000     1.244    32.845    16.835    -0.363    11.493   324.670   325.160     0.00006
 8.0      373.530   245.500     5.000     1.228    32.882    16.969     0.845    11.569   324.990   325.480     0.00005
 8.1      368.400   244.630     5.000     1.224    33.216    17.104     2.090    11.429   325.120   325.610     0.00005
 8.2      363.250   243.840     5.000     1.196    32.932    17.236     2.654    11.498   325.370   325.850     0.00005
 8.3      358.200   242.870     5.000     1.171    32.678    17.366     2.215    11.397   325.370   325.850     0.00004
 8.4      353.200   242.020     6.000     1.147    32.465    17.493     2.527    10.670   325.530   326.030     0.00005
 8.5      348.230   241.150     7.333     1.147    32.928    17.621     2.981    10.172   325.670   326.200     0.00006
 8.6      343.300   240.270     9.947     1.187    34.587    17.755     3.745     9.809   325.800   326.380     0.00007
 8.7      338.510   239.580    11.447     1.115    32.923    17.880     4.478     8.926   326.180   326.790     0.00008
 8.8      333.700   238.860    10.091     1.139    34.149    18.008     5.460     8.137   326.530   327.100     0.00006
 8.9      328.920   237.930     9.410     1.096    33.318    18.132     5.807     7.593   326.580   327.130     0.00005
 9.0      324.200   237.050    13.000     1.110    34.238    18.258     6.034     7.723   326.720   327.330     0.00007
 9.1      319.590   236.090    15.000     1.096    34.292    18.383     6.234     8.274   326.730   327.350     0.00007
 9.2      315.020   235.120    16.833     1.108    35.183    18.510     5.511     7.820   326.720   327.360     0.00008
 9.3      310.390   234.280    18.000     1.088    35.044    18.635     3.991     7.200   326.940   327.580     0.00008
 9.4      305.890   233.530    17.275     1.080    35.306    18.760     4.092     6.436   327.250   327.880     0.00007
 9.5      301.430   232.920    15.000     1.058    35.106    18.882     5.082     5.535   327.760   328.360     0.00006
 9.6      297.080   232.250    13.487     0.995    33.489    18.998     5.985     4.842   328.170   328.740     0.00005
 9.7      292.760   231.630    12.000     0.960    32.791    19.109     6.326     4.794   328.670   329.220     0.00004
 9.8      288.430   231.070    12.000     0.944    32.727    19.219     6.768     6.144   329.260   329.810     0.00004
 9.9      284.250   230.310    11.000     0.941    33.119    19.329     6.627     6.627   329.550   330.090     0.00003
10.0      280.010   229.510    11.000     0.930    33.213    19.438     6.511     6.621   329.810   330.350     0.00003
10.1      275.890   228.490    12.000     0.921    33.379    19.547     6.717     7.135   329.730   330.270     0.00003
10.2      271.790   227.710    12.000     0.899    33.066    19.653     6.691     7.466   330.020   330.560     0.00003
10.3      267.690   226.940    12.000     0.900    33.621    19.760     6.841     7.336   330.330   330.870     0.00003
10.4      263.780   226.410    13.000     0.876    33.217    19.864     6.333     7.216   330.940   331.490     0.00003
10.5      259.800   225.720    12.553     0.874    33.660    19.968     5.040     7.049   331.360   331.900     0.00003
10.6      255.840   224.890    12.000     0.874    34.145    20.073     4.991     6.799   331.600   332.140     0.00002
10.7      251.960   224.090    12.911     0.870    34.529    20.178     6.370     6.446   331.850   332.390     0.00002
10.8      248.210   223.320    14.111     0.889    35.812    20.285     7.028     6.813   332.120   332.680     0.00002
10.9      244.430   222.590    15.000     0.880    36.002    20.391     6.615     7.094   332.500   333.060     0.00002
11.0      240.690   221.750    15.000     0.870    36.146    20.497     6.853     7.348   332.700   333.260     0.00002
11.1      237.010   220.910    15.125     0.849    35.810    20.600     6.667     7.436   332.900   333.460     0.00002
11.2      233.350   220.230    15.270     0.830    35.569    20.702     6.543     7.527   333.350   333.910     0.00002
11.3      229.710   219.340    15.000     0.774    33.711    20.797     6.806     7.559   333.490   334.040     0.00002
11.4      226.190   218.650    16.000     0.767    33.926    20.891     6.432     7.594   333.910   334.480     0.00002
11.5      222.630   217.710    17.000     0.760    34.137    20.985     6.182     7.081   333.980   334.550     0.00002
11.6      219.160   216.890    17.000     0.754    34.404    21.079     6.290     6.986   334.210   334.780     0.00001
11.7      215.790   215.900    18.000     0.749    34.687    21.172     5.867     6.785   334.160   334.740     0.00001
11.8      212.410   215.140    18.684     0.723    34.045    21.263     5.644     6.970   334.490   335.060     0.00001
11.9      209.040   214.260    19.000     0.714    34.158    21.352     5.827     6.540   334.630   335.210     0.00001
12.0      205.690   213.510    19.810     0.692    33.639    21.440     6.184     6.676   335.000   335.580     0.00001
12.1      202.500   213.040    19.864     0.714    35.265    21.530     6.902     6.310   335.750   336.340     0.00001
12.2      199.230   212.760    17.556     0.807    40.489    21.632     8.772     5.422   336.870   337.460     0.00001
12.3      196.040   212.300    17.000     0.944    48.168    21.752    10.984     4.549   337.690   338.290     0.00001
12.4      192.960   211.660    17.000     1.068    55.342    21.888    13.281     4.593   338.200   338.800     0.00001
12.5      189.870   211.150    19.000     1.182    62.265    22.038    15.723     5.421   338.930   339.540     0.00001
12.6      186.830   210.820    20.286     1.397    74.782    22.217    18.035     7.030   339.970   340.580     0.00001
12.7      183.820   210.450    21.674     1.637    89.064    22.426    19.008     9.009   340.940   341.560     0.00001
12.8      180.790   209.990    22.805     1.682    93.049    22.642    18.248    11.662   341.810   342.440     0.00001
12.9      177.860   210.110    21.300     1.637    92.039    22.852    16.667    13.211   343.600   344.240     0.00001
13.0      175.060   209.370    20.000     1.618    92.425    23.060    15.836    14.979   343.940   344.580     0.00001
13.1      172.180   208.520    20.000     1.640    95.247    23.272    15.441    17.314   344.170   344.820     0.00001
13.2      169.360   208.100    21.000     1.752   103.460    23.498    14.146    20.200   345.100   345.750     0.00001
13.3      166.630   207.680    22.000     1.780   106.830    23.729    13.170    21.076   346.010   346.670     0.00001
13.4      163.920   207.480    22.000     1.781   108.670    23.960    13.589    20.098   347.280   347.950     0.00001
13.5      161.280   209.810    19.660     1.892   117.310    24.203    13.920    17.109   352.800   353.500     0.00001
13.6      158.690   213.070    14.884     2.007   126.490    24.457    15.640    11.714   359.950   360.670     0.00001
13.7      156.190   213.970     9.381     2.124   136.010    24.724    16.576     7.299   363.100   363.820     0.00001
13.8      153.650   213.500     5.750     2.147   139.770    24.995    17.070     5.382   364.000   364.720     0.00000
13.9      151.200   212.990     5.000     2.044   135.190    25.253    18.400     4.654   364.800   365.520     0.00000
14.0      148.830   212.160     4.000     1.944   130.620    25.500    19.270     4.805   365.020   365.740     0.00000
14.1      146.480   211.590     4.000     1.902   129.850    25.742    20.014     5.291   365.690   366.420     0.00000
14.2      144.090   211.350     4.000     1.867   129.550    25.980    20.939     4.878   367.000   367.730     0.00000
14.3      141.780   211.350     4.000     1.786   125.970    26.208    20.856     5.953   368.680   369.430     0.00000
14.4      139.550   211.170     4.000     1.700   121.820    26.424    21.330     8.049   370.030   370.790     0.00000
14.5      137.260   211.280     4.000     1.636   119.190    26.633    20.523    11.948   371.980   372.740     0.00000
14.6      135.040   211.200     4.000     1.641   121.560    26.842    18.769    14.950   373.570   374.340     0.00000
14.7      132.880   211.670     4.000     1.642   123.550    27.051    16.566    16.440   376.120   376.910     0.00000
14.8      130.740   212.160     3.000     1.711   130.860    27.268    13.906    16.572   378.740   379.530     0.00000
14.9      128.720   212.500     3.000     1.747   135.740    27.489    12.186    14.522   381.030   381.830     0.00000
15.0      126.690   212.450     3.000     1.821   143.700    27.720    11.577    11.777   382.680   383.490     0.00000
15.1      124.610   212.360     3.000     1.907   153.070    27.962    10.872    10.138   384.330   385.160     0.00000
15.2      122.610   211.960     2.000     1.939   158.110    28.208    10.725     8.863   385.380   386.210     0.00000
15.3      120.710   211.430     2.000     1.963   162.590    28.458    11.392     7.912   386.120   386.960     0.00000
15.4      118.690   210.820     2.000     1.919   161.630    28.703    12.512     6.566   386.860   387.700     0.00000
15.5      116.810   210.170     2.000     1.890   161.800    28.945    13.685     5.744   387.420   388.270     0.00000
15.6      114.900   209.510     3.000     1.835   159.720    29.181    14.185     5.766   388.030   388.890     0.00000
15.7      113.080   208.790     3.000     1.831   161.880    29.417    13.503     6.609   388.460   389.330     0.00000
15.8      111.260   208.750     3.000     1.898   170.600    29.662    12.205     7.641   390.180   391.060     0.00000
15.9      109.470   208.940     3.000     1.738   158.750    29.886    11.993     7.788   392.360   393.250     0.00000
16.0      107.700   209.050     3.000     1.710   158.770    30.106    12.172     7.314   394.380   395.280     0.00000
16.1      105.930   208.540     3.000     1.720   162.410    30.329    13.102     6.095   395.290   396.200     0.00000
16.2      104.170   208.350     3.000     1.771   170.010    30.557    13.634     5.508   396.800   397.720     0.00000
16.3      102.540   207.900     3.000     1.810   176.510    30.792    13.339     5.802   397.720   398.650     0.00000
16.4      100.830   207.260     3.000     1.810   179.550    31.027    11.860     7.072   398.410   399.350     0.00000
16.5       99.123   206.970     3.000     1.856   187.220    31.269    11.387     7.795   399.800   400.740     0.00000
16.6       97.518   207.020     3.000     1.927   197.590    31.519    11.568     8.192   401.750   402.710     0.00000
16.7       95.984   206.440     3.000     1.849   192.670    31.760    12.815     8.008   402.450   403.420     0.00000
16.8       94.361   205.750     3.000     1.763   186.830    31.991    13.758     8.935   403.050   404.020     0.00000
16.9       92.804   205.390     3.000     1.792   193.110    32.226    14.952    10.927   404.260   405.250     0.00000
17.0       91.309   205.170     3.000     2.035   222.920    32.493    15.204    12.596   405.690   406.690     0.00000
17.1       89.812   204.820     3.000     1.894   210.900    32.742    13.974    14.044   406.920   407.920     0.00000
17.2       88.305   204.480     3.000     1.813   205.360    32.981    12.027    13.357   408.210   409.230     0.00000
17.3       86.841   204.360     3.000     1.909   219.880    33.233     9.249    11.494   409.910   410.940     0.00000
17.4       85.370   205.120     3.000     2.414   282.770    33.549     6.174    10.110   413.450   414.500     0.00000
17.5       84.019   206.510     3.000     3.385   402.930    33.991     4.506     8.366   418.150   419.210     0.00000
17.6       82.638   207.130     3.000     3.534   427.650    34.450     4.565     6.733   421.390   422.460     0.00000
17.7       81.268   206.530     3.000     3.019   371.490    34.844     5.344     4.931   422.160   423.250     0.00000
17.8       79.959   205.950     3.000     3.004   375.650    35.237     6.108     4.062   422.920   424.020     0.00000
17.9       78.649   205.760     3.000     3.085   392.230    35.640     7.015     4.402   424.530   425.640     0.00000
18.0       77.309   206.110     3.000     3.043   393.650    36.038     8.114     6.064   427.340   428.460     0.00000
18.1       76.035   206.520     3.000     3.431   451.260    36.485     7.979     7.405   430.230   431.370     0.00000
18.2       74.814   207.100     3.000     3.707   495.450    36.967     7.310     7.310   433.420   434.580     0.00000
18.3       73.631   208.300     3.000     4.432   601.970    37.540     7.534     7.276   437.920   439.090     0.00000
18.4       72.427   209.120     3.000     5.084   701.900    38.195     8.448     6.566   441.720   442.920     0.00000
18.5       71.188   209.390     3.000     5.301   744.690    38.876     8.425     6.494   444.460   445.670     0.00000
18.6       70.028   209.230     2.000     5.317   759.290    39.561     7.573     6.747   446.210   447.430     0.00000
18.7       68.976   209.070     2.000     5.309   769.760    40.245     6.086     7.105   447.790   449.020     0.00000
18.8       67.816   208.850     2.000     5.309   782.800    40.929     4.589     6.635   449.490   450.730     0.00000
18.9       66.680   208.640     2.000     5.238   785.540    41.605     2.786     5.499   451.210   452.470     0.00000
19.0       65.632   208.240     2.000     5.169   787.620    42.273     1.397     4.736   452.380   453.640     0.00000
19.1       64.600   208.250     2.000     4.990   772.450    42.919     1.316     4.303   454.440   455.720     0.00000
19.2       63.529   208.360     2.000     5.390   848.440    43.615     1.756     3.212   456.860   458.160     0.00000
19.3       62.476   208.800     2.000     5.879   941.010    44.373     1.845     1.451   460.000   461.310     0.00000
19.4       61.493   209.330     2.000     5.829   947.960    45.123     1.375     0.057   463.260   464.580     0.00000
19.5       60.462   208.770     2.000     5.724   946.760    45.861     1.183    -0.195   464.250   465.590     0.00000
19.6       59.500   208.050     2.000     5.610   942.860    46.587     1.782    -0.251   464.770   466.110     0.00000
19.7       58.545   208.170     2.000     5.744   981.170    47.330     2.049     0.602   467.170   468.530     0.00000
19.8       57.595   208.630     2.000     6.241  1083.600    48.136     2.184     0.720   470.390   471.770     0.00000
19.9       56.640   209.190     2.000     6.849  1209.200    49.017     2.061     0.371   473.930   475.330     0.00000
20.0       55.737   210.440     2.000     7.458  1338.200    49.972     2.361    -0.576   478.940   480.360     0.00000
20.1       54.785   211.050     2.000     8.201  1497.000    51.018     2.592    -1.097   482.690   484.130     0.00000
20.2       53.919   210.950     2.000     8.972  1664.000    52.163     3.774    -1.374   484.650   486.110     0.00000
20.3       53.074   212.190     2.000    10.161  1914.500    53.453     5.219    -1.815   489.700   491.180     0.00000
20.4       52.233   212.230     2.000    10.520  2014.000    54.788     6.366    -0.892   492.030   493.530     0.00000
20.5       51.420   212.070     2.000    10.476  2037.300    56.118     6.590     0.322   493.860   495.370     0.00000
20.6       50.590   212.350     2.000    10.652  2105.500    57.468     5.723     0.909   496.810   498.340     0.00000
20.7       49.761   212.550     2.000    10.572  2124.600    58.808     5.595     1.088   499.620   501.170     0.00000
20.8       49.023   212.740     2.000    10.959  2235.500    60.195     6.099     0.982   502.210   503.770     0.00000
20.9       48.198   212.950     2.000    11.066  2296.000    61.594     6.797     1.531   505.130   506.720     0.00000
21.0       47.473   212.900     2.000    10.851  2285.700    62.966     7.294     1.513   507.190   508.800     0.00000
21.1       46.665   213.280     2.000    10.820  2318.700    64.332     7.580     0.546   510.600   512.230     0.00001
21.2       45.957   213.650     2.000    10.724  2333.500    65.684     7.958     0.764   513.710   515.350     0.00001
21.3       45.248   213.580     2.000    10.014  2213.100    66.946     8.611     1.471   515.830   517.490     0.00001
21.4       44.459   213.020     2.000     9.729  2188.300    68.176     9.335     3.109   517.060   518.730     0.00001
21.5       43.791   212.820     2.000     9.446  2157.200    69.371     9.322     4.292   518.810   520.490     0.00001
21.6       43.105   212.680     2.000     9.446  2191.300    70.567     8.745     4.650   520.810   522.510     0.00001
21.7       42.379   212.350     2.000     9.807  2314.200    71.811     7.405     3.903   522.510   524.220     0.00001
21.8       41.750   212.650     2.000     9.975  2389.200    73.074     6.931     2.732   525.480   527.210     0.00001
21.9       41.015   213.050     2.000    10.194  2485.500    74.362     6.382     2.086   529.130   530.880     0.00001
22.0       40.398   213.250     2.000    10.407  2576.200    75.676     6.559     0.954   531.930   533.710     0.00001
22.1       39.782   213.320     2.000    10.418  2618.800    76.991     6.966    -0.266   534.450   536.240     0.00001
22.2       39.107   213.750     1.022    10.806  2763.300    78.352     6.948    -0.848   538.120   539.920     0.00000
22.3       38.522   214.050     1.000    11.015  2859.500    79.738     7.474    -0.121   541.210   543.020     0.00000
22.4       37.912   215.100     1.000    11.318  2985.400    81.155     7.781     0.544   546.350   548.190     0.00000
22.5       37.291   215.820     1.000    12.024  3224.400    82.655     8.099     0.382   550.750   552.620     0.00000
22.6       36.733   215.850     1.000    12.206  3322.700    84.178     8.720     0.900   553.200   555.090     0.00000
22.7       36.160   216.080     1.000    12.358  3417.600    85.718     9.954     2.822   556.270   558.180     0.00000
22.8       35.571   216.580     1.000    12.581  3536.900    87.282     9.866     4.393   560.170   562.110     0.00001
22.9       35.049   216.650     1.000    12.704  3624.700    88.861     9.583     4.468   562.720   564.680     0.00001
23.0       34.460   216.850     1.000    13.058  3789.300    90.482     8.676     3.162   565.970   567.940     0.00001
23.1       33.930   217.110     1.000    13.260  3908.000    92.127     8.392     1.208   569.150   571.140     0.00001
23.2       33.415   217.630     1.000    13.323  3987.300    93.775     7.993    -1.325   573.000   575.030     0.00001
23.3       32.898   217.920     1.000    13.549  4118.500    95.449     7.782    -2.684   576.320   578.360     0.00001
23.4       32.367   217.950     1.000    13.613  4206.000    97.131     7.633    -3.506   579.080   581.150     0.00001
23.5       31.900   217.750     1.000    13.700  4294.700    98.825     7.139    -2.885   580.950   583.030     0.00001
23.6       31.355   217.000     1.000    13.545  4319.900   100.506     7.107    -2.142   581.810   583.900     0.00001
23.7       30.911   216.660     1.000    13.411  4338.600   102.173     7.938    -2.139   583.250   585.360     0.00001
23.8       30.377   216.940     1.000    13.266  4367.000   103.819     8.557    -1.748   586.920   589.050     0.00001
23.9       29.932   217.380     1.000    13.431  4487.300   105.483     8.047    -0.492   590.580   592.740     0.00001
24.0       29.464   217.370     1.000    13.422  4555.500   107.146     7.569    -0.157   593.200   595.370     0.00001
24.1       29.036   217.580     1.000    13.498  4648.600   108.816     8.267    -0.673   596.270   598.460     0.00001
24.2       28.595   217.850     1.000    13.528  4730.600   110.488     8.028    -0.489   599.610   601.830     0.00001
24.3       28.128   217.940     1.000    13.660  4856.400   112.176     8.054     0.224   602.670   604.910     0.00001
24.4       27.687   218.080     1.000    13.720  4955.500   113.870     8.856     1.744   605.780   608.040     0.00001
24.5       27.245   219.090     1.000    13.682  5021.900   115.551     9.041     2.469   611.380   613.690     0.00001
24.6       26.815   219.980     1.000    13.817  5152.700   117.243     8.601     2.399   616.650   618.990     0.00001
24.7       26.389   219.740     1.000    13.755  5212.300   118.928     7.360     1.554   618.800   621.160     0.00001
24.8       25.955   219.300     1.000    13.636  5253.900   120.602     6.804     0.816   620.500   622.880     0.00001
24.9       25.609   218.950     1.000    13.542  5288.100   122.268     6.774     0.479   621.880   624.270     0.00001
25.0       25.176   218.840     1.000    13.313  5287.900   123.906     7.046     0.941   624.580   626.980     0.00001
25.1       24.847   219.330     1.000    13.220  5320.600   125.529     6.912     2.017   628.330   630.770     0.00001
25.2       24.400   219.650     1.000    13.280  5442.600   127.157     6.923     2.316   632.510   634.980     0.00001
25.3       24.051   220.070     1.000    13.287  5524.600   128.782     7.335     2.068   636.330   638.830     0.00001
25.4       23.704   220.550     1.000    13.415  5659.400   130.420     8.031     1.011   640.340   642.870     0.00001
25.5       23.348   220.580     1.000    13.290  5692.100   132.043     8.143     0.712   643.200   645.750     0.00001
25.6       22.973   220.850     1.000    12.858  5596.800   133.610     7.865     0.739   646.980   649.560     0.00001
25.7       22.598   221.750     1.000    12.849  5686.000   135.170     7.922     1.117   652.680   655.310     0.00001
25.8       22.255   222.430     1.000    13.462  6049.200   136.800     7.964     1.132   657.530   660.200     0.00002
25.9       21.914   222.750     1.000    13.554  6185.100   138.439     8.546     0.381   661.370   664.070     0.00002
26.0       21.589   222.580     1.000    13.444  6227.500   140.065     9.009    -0.490   663.700   666.420     0.00002
26.1       21.267   222.950     1.000    13.160  6188.100   141.654     9.417    -0.549   667.640   670.390     0.00002
26.2       20.943   222.490     1.000    13.198  6301.900   143.252     9.643     0.384   669.190   671.950     0.00002
26.3       20.618   222.270     1.000    13.122  6364.200   144.841     9.628     1.182   671.500   674.280     0.00002
26.4       20.304   222.050     1.000    13.057  6430.400   146.425     9.586     0.517   673.790   676.590     0.00002
26.5       19.996   222.140     1.000    12.956  6479.500   147.995     9.124     1.130   677.010   679.840     0.00002
26.6       19.694   221.850     1.000    13.094  6648.700   149.584     8.307     2.579   679.050   681.900     0.00002
26.7       19.383   221.750     1.000    13.078  6747.200   151.172     7.974     3.222   681.820   684.690     0.00002
26.8       19.077   221.700     1.000    12.801  6710.500   152.727     8.171     3.105   684.780   687.680     0.00002
26.9       18.825   221.470     1.000    12.693  6742.400   154.270     9.111     1.581   686.670   689.580     0.00002
27.0       18.506   220.960     1.000    12.374  6686.300   155.778     9.812     0.787   688.410   691.330     0.00002
27.1       18.244   220.590     1.000    12.094  6629.300   157.254     9.899     0.173   690.080   693.010     0.00002
27.2       17.936   220.320     1.000    12.034  6709.600   158.725     9.339     0.326   692.570   695.530     0.00002
27.3       17.653   220.080     1.000    11.974  6783.200   160.190     8.644    -0.331   694.950   697.920     0.00002
27.4       17.421   219.870     1.000    11.886  6822.800   161.646     8.313    -1.309   696.920   699.910     0.00002
27.5       17.116   220.030     1.000    11.885  6943.600   163.100     7.469    -2.355   700.950   703.970     0.00002
27.6       16.910   220.150     1.000    11.675  6904.200   164.528     7.554    -2.601   703.740   706.790     0.00002
27.7       16.606   220.430     1.000    11.469  6906.200   165.929     7.380    -1.883   708.290   711.380     0.00002
27.8       16.315   220.730     1.000    11.099  6802.900   167.283     7.309    -1.158   712.820   715.950     0.00002
27.9       16.104   221.340     1.000    10.969  6811.600   168.618     7.556    -1.458   717.460   720.640     0.00002
28.0       15.904   221.160     1.000    10.844  6818.700   169.938     8.252    -2.664   719.420   722.610     0.00002
28.1       15.595   220.950     1.000    10.376  6653.400   171.202     9.234    -2.984   722.770   725.990     0.00002
28.2       15.368   220.980     1.000    10.238  6661.900   172.450     9.584    -2.332   725.910   729.150     0.00002
28.3       15.165   220.850     1.000    10.085  6650.200   173.679    10.321    -2.451   728.220   731.490     0.00002
28.4       14.905   220.900     1.000     9.942  6670.300   174.891    11.430    -3.278   731.990   735.290     0.00002
28.5       14.628   220.980     1.000     9.747  6663.000   176.079    12.116    -3.247   736.170   739.500     0.00002
28.6       14.413   221.050     1.000     9.638  6686.900   177.253    12.259    -2.440   739.530   742.890     0.00002
28.7       14.200   220.950     1.000     9.590  6753.500   178.422    12.803    -2.257   742.330   745.720     0.00002
28.8       13.998   220.950     1.000     9.775  6983.200   179.613    12.805    -2.258   745.360   748.780     0.00002
28.9       13.798   220.860     1.000     9.387  6803.500   180.757    13.019    -2.767   748.110   751.560     0.00002
29.0       13.600   221.650     1.000     9.260  6808.800   181.882    14.183    -3.015   753.890   757.400     0.00002
29.1       13.408   221.540     1.000     8.827  6583.500   182.955    15.598    -3.315   756.590   760.120     0.00002
29.2       13.202   221.850     1.000     8.354  6327.600   183.969    16.634    -2.939   760.970   764.540     0.00003
29.3       12.998   221.950     1.000     8.186  6297.800   184.962    18.508    -1.939   764.710   768.310     0.00003
29.4       12.798   221.740     1.000     8.899  6953.400   186.043    19.359    -1.347   767.380   771.010     0.00003
29.5       12.594   221.570     1.000     8.887  7056.800   187.123    19.544    -1.043   770.280   773.940     0.00003
29.6       12.394   222.060     1.000     8.387  6767.000   188.140    18.657    -0.958   775.550   779.250     0.00003
29.7       12.188   221.960     1.000     8.095  6641.900   189.122    18.500     0.000   778.890   782.630     0.00003
29.8       11.991   223.140     1.000     7.998  6670.100   190.087    18.143    -0.661   786.680   790.510     0.00003
29.9       11.800   223.070     1.000     7.997  6777.200   191.052    17.123    -1.703   790.050   793.910     0.00003
30.0       11.678   223.250     1.000     8.445  7231.500   192.071    15.879    -2.861   793.010   796.900     0.00003
30.1       11.483   223.250     1.000     8.738  7609.400   193.125    15.562    -3.260   796.830   800.760     0.00004
30.2       11.290   223.260     1.000     8.224  7284.000   194.117    15.946    -2.554   800.720   804.680     0.00004
30.3       11.094   223.460     1.000     7.620  6868.500   195.035    16.909    -3.305   805.450   809.470     0.00004
30.4       11.000   223.940     1.000     7.440  6764.000   195.929    17.397    -4.964   809.150   813.210     0.00004
30.5     9000.000  9000.000  9000.000  9000.000  9000.000  9000.000  9000.000  9000.000  9000.000  9000.000  9000.00000
30.6     9000.000  9000.000  9000.000  9000.000  9000.000  9000.000  9000.000  9000.000  9000.000  9000.000  9000.00000
30.7     9000.000  9000.000  9000.000  9000.000  9000.000  9000.000  9000.000  9000.000  9000.000  9000.000  9000.00000
30.8     9000.000  9000.000  9000.000  9000.000  9000.000  9000.000  9000.000  9000.000  9000.000  9000.000  9000.00000
30.9     9000.000  9000.000  9000.000  9000.000  9000.000  9000.000  9000.000  9000.000  9000.000  9000.000  9000.00000
31.0     9000.000  9000.000  9000.000  9000.000  9000.000  9000.000  9000.000  9000.000  9000.000  9000.000  9000.00000
31.1     9000.000  9000.000  9000.000  9000.000  9000.000  9000.000  9000.000  9000.000  9000.000  9000.000  9000.00000
31.2     9000.000  9000.000  9000.000  9000.000  9000.000  9000.000  9000.000  9000.000  9000.000  9000.000  9000.00000
31.3     9000.000  9000.000  9000.000  9000.000  9000.000  9000.000  9000.000  9000.000  9000.000  9000.000  9000.00000
31.4     9000.000  9000.000  9000.000  9000.000  9000.000  9000.000  9000.000  9000.000  9000.000  9000.000  9000.00000
31.5     9000.000  9000.000  9000.000  9000.000  9000.000  9000.000  9000.000  9000.000  9000.000  9000.000  9000.00000
31.6     9000.000  9000.000  9000.000  9000.000  9000.000  9000.000  9000.000  9000.000  9000.000  9000.000  9000.00000
31.7     9000.000  9000.000  9000.000  9000.000  9000.000  9000.000  9000.000  9000.000  9000.000  9000.000  9000.00000
31.8     9000.000  9000.000  9000.000  9000.000  9000.000  9000.000  9000.000  9000.000  9000.000  9000.000  9000.00000
31.9     9000.000  9000.000  9000.000  9000.000  9000.000  9000.000  9000.000  9000.000  9000.000  9000.000  9000.00000
32.0     9000.000  9000.000  9000.000  9000.000  9000.000  9000.000  9000.000  9000.000  9000.000  9000.000  9000.00000
32.1     9000.000  9000.000  9000.000  9000.000  9000.000  9000.000  9000.000  9000.000  9000.000  9000.000  9000.00000
32.2     9000.000  9000.000  9000.000  9000.000  9000.000  9000.000  9000.000  9000.000  9000.000  9000.000  9000.00000
32.3     9000.000  9000.000  9000.000  9000.000  9000.000  9000.000  9000.000  9000.000  9000.000  9000.000  9000.00000
32.4     9000.000  9000.000  9000.000  9000.000  9000.000  9000.000  9000.000  9000.000  9000.000  9000.000  9000.00000
32.5     9000.000  9000.000  9000.000  9000.000  9000.000  9000.000  9000.000  9000.000  9000.000  9000.000  9000.00000
32.6     9000.000  9000.000  9000.000  9000.000  9000.000  9000.000  9000.000  9000.000  9000.000  9000.000  9000.00000
32.7     9000.000  9000.000  9000.000  9000.000  9000.000  9000.000  9000.000  9000.000  9000.000  9000.000  9000.00000
32.8     9000.000  9000.000  9000.000  9000.000  9000.000  9000.000  9000.000  9000.000  9000.000  9000.000  9000.00000
32.9     9000.000  9000.000  9000.000  9000.000  9000.000  9000.000  9000.000  9000.000  9000.000  9000.000  9000.00000
33.0     9000.000  9000.000  9000.000  9000.000  9000.000  9000.000  9000.000  9000.000  9000.000  9000.000  9000.00000
33.1     9000.000  9000.000  9000.000  9000.000  9000.000  9000.000  9000.000  9000.000  9000.000  9000.000  9000.00000
33.2     9000.000  9000.000  9000.000  9000.000  9000.000  9000.000  9000.000  9000.000  9000.000  9000.000  9000.00000
33.3     9000.000  9000.000  9000.000  9000.000  9000.000  9000.000  9000.000  9000.000  9000.000  9000.000  9000.00000
33.4     9000.000  9000.000  9000.000  9000.000  9000.000  9000.000  9000.000  9000.000  9000.000  9000.000  9000.00000
33.5     9000.000  9000.000  9000.000  9000.000  9000.000  9000.000  9000.000  9000.000  9000.000  9000.000  9000.00000
33.6     9000.000  9000.000  9000.000  9000.000  9000.000  9000.000  9000.000  9000.000  9000.000  9000.000  9000.00000
33.7     9000.000  9000.000  9000.000  9000.000  9000.000  9000.000  9000.000  9000.000  9000.000  9000.000  9000.00000
33.8     9000.000  9000.000  9000.000  9000.000  9000.000  9000.000  9000.000  9000.000  9000.000  9000.000  9000.00000
33.9     9000.000  9000.000  9000.000  9000.000  9000.000  9000.000  9000.000  9000.000  9000.000  9000.000  9000.00000
34.0     9000.000  9000.000  9000.000  9000.000  9000.000  9000.000  9000.000  9000.000  9000.000  9000.000  9000.00000
34.1     9000.000  9000.000  9000.000  9000.000  9000.000  9000.000  9000.000  9000.000  9000.000  9000.000  9000.00000
34.2     9000.000  9000.000  9000.000  9000.000  9000.000  9000.000  9000.000  9000.000  9000.000  9000.000  9000.00000
34.3     9000.000  9000.000  9000.000  9000.000  9000.000  9000.000  9000.000  9000.000  9000.000  9000.000  9000.00000
34.4     9000.000  9000.000  9000.000  9000.000  9000.000  9000.000  9000.000  9000.000  9000.000  9000.000  9000.00000
34.5     9000.000  9000.000  9000.000  9000.000  9000.000  9000.000  9000.000  9000.000  9000.000  9000.000  9000.00000
34.6     9000.000  9000.000  9000.000  9000.000  9000.000  9000.000  9000.000  9000.000  9000.000  9000.000  9000.00000
34.7     9000.000  9000.000  9000.000  9000.000  9000.000  9000.000  9000.000  9000.000  9000.000  9000.000  9000.00000
34.8     9000.000  9000.000  9000.000  9000.000  9000.000  9000.000  9000.000  9000.000  9000.000  9000.000  9000.00000
34.9     9000.000  9000.000  9000.000  9000.000  9000.000  9000.000  9000.000  9000.000  9000.000  9000.000  9000.00000
35.0     9000.000  9000.000  9000.000  9000.000  9000.000  9000.000  9000.000  9000.000  9000.000  9000.000  9000.00000