CR2/DMC Archive                  : http://www.cr2.cl/recursos-y-publicaciones/datos-ozonosonda/
STATION                          : Easter Island, Chile
Data Provider                    : DMC Dirección Meteorológica de Chile, GAW Program
Data Compilation                 : 26 July, 2016, by CR2 Center for Climate and Resilience Research, data interpolated every 100m
Latitude (deg)                   : -27.16
Longitude (deg)                  : -109.43
Elevation (m)                    : 41.0
Launch Date                      : 20090808 
Launch Time (UT)                 : 
Highest level reached (hPa)      : 116.110
Integrated O3 until EOF (DU)     : nan
Sonde/Sage Climatology(1988-2002): 
Sonde Instrument, SN             : SPC 6A 
Radiosonde, SN                   : Vaisala, OS815N
Solution                         : 1.0% buffered
Applied pump corrections         : 
Pump flow rate (sec/100ml)       : 9000
Background current (uA)          : 9000
Missing or bad values            : 9000
Alt       Press     Temp      RH        O3        O3        O3        u         v         Theta     Theta e   Q         
km        hPa       K         %         mPa       ppbv      DU        m/s       m/s       K         K         g/kg      
 0.0     9000.000  9000.000  9000.000  9000.000  9000.000  9000.000  9000.000  9000.000  9000.000  9000.000  9000.00000
 0.1     9000.000  9000.000  9000.000  9000.000  9000.000  9000.000  9000.000  9000.000  9000.000  9000.000  9000.00000
 0.2     9000.000  9000.000  9000.000  9000.000  9000.000  9000.000  9000.000  9000.000  9000.000  9000.000  9000.00000
 0.3      986.070  9000.000    90.553  9000.000  9000.000  9000.000  9000.000  9000.000  9000.000  9000.000  9000.00000
 0.4      974.720  9000.000    90.688  9000.000  9000.000  9000.000  9000.000  9000.000  9000.000  9000.000  9000.00000
 0.5      963.380  9000.000    92.000  9000.000  9000.000  9000.000  9000.000  9000.000  9000.000  9000.000  9000.00000
 0.6      952.140  9000.000    85.083  9000.000  9000.000  9000.000  9000.000  9000.000  9000.000  9000.000  9000.00000
 0.7      940.970  9000.000    78.857  9000.000  9000.000  9000.000  9000.000  9000.000  9000.000  9000.000  9000.00000
 0.8      929.990  9000.000    71.870  9000.000  9000.000  9000.000  9000.000  9000.000  9000.000  9000.000  9000.00000
 0.9      919.050  9000.000    75.349  9000.000  9000.000  9000.000  9000.000  9000.000  9000.000  9000.000  9000.00000
 1.0      908.200  9000.000    81.314  9000.000  9000.000  9000.000  9000.000  9000.000  9000.000  9000.000  9000.00000
 1.1      897.510  9000.000    80.077  9000.000  9000.000  9000.000  9000.000  9000.000  9000.000  9000.000  9000.00000
 1.2      886.840  9000.000    66.854  9000.000  9000.000  9000.000  9000.000  9000.000  9000.000  9000.000  9000.00000
 1.3      876.470  9000.000    66.837  9000.000  9000.000  9000.000  9000.000  9000.000  9000.000  9000.000  9000.00000
 1.4      866.170  9000.000    62.811  9000.000  9000.000  9000.000  9000.000  9000.000  9000.000  9000.000  9000.00000
 1.5      855.900  9000.000    62.625  9000.000  9000.000  9000.000  9000.000  9000.000  9000.000  9000.000  9000.00000
 1.6      845.800  9000.000    76.333  9000.000  9000.000  9000.000  9000.000  9000.000  9000.000  9000.000  9000.00000
 1.7      835.750  9000.000    86.459  9000.000  9000.000  9000.000  9000.000  9000.000  9000.000  9000.000  9000.00000
 1.8      825.900  9000.000    86.073  9000.000  9000.000  9000.000  9000.000  9000.000  9000.000  9000.000  9000.00000
 1.9      816.000  9000.000    87.488  9000.000  9000.000  9000.000  9000.000  9000.000  9000.000  9000.000  9000.00000
 2.0      806.360  9000.000    90.000  9000.000  9000.000  9000.000  9000.000  9000.000  9000.000  9000.000  9000.00000
 2.1      796.780  9000.000    88.064  9000.000  9000.000  9000.000  9000.000  9000.000  9000.000  9000.000  9000.00000
 2.2      787.210  9000.000    85.911  9000.000  9000.000  9000.000  9000.000  9000.000  9000.000  9000.000  9000.00000
 2.3      777.790  9000.000    75.689  9000.000  9000.000  9000.000  9000.000  9000.000  9000.000  9000.000  9000.00000
 2.4      768.430  9000.000    73.156  9000.000  9000.000  9000.000  9000.000  9000.000  9000.000  9000.000  9000.00000
 2.5      759.160  9000.000    76.340  9000.000  9000.000  9000.000  9000.000  9000.000  9000.000  9000.000  9000.00000
 2.6      750.060  9000.000    74.857  9000.000  9000.000  9000.000  9000.000  9000.000  9000.000  9000.000  9000.00000
 2.7      740.960  9000.000    77.364  9000.000  9000.000  9000.000  9000.000  9000.000  9000.000  9000.000  9000.00000
 2.8      731.860  9000.000    82.886  9000.000  9000.000  9000.000  9000.000  9000.000  9000.000  9000.000  9000.00000
 2.9      722.980  9000.000    77.522  9000.000  9000.000  9000.000  9000.000  9000.000  9000.000  9000.000  9000.00000
 3.0      714.140  9000.000    84.696  9000.000  9000.000  9000.000  9000.000  9000.000  9000.000  9000.000  9000.00000
 3.1      705.330  9000.000    27.609  9000.000  9000.000  9000.000  9000.000  9000.000  9000.000  9000.000  9000.00000
 3.2      696.770  9000.000     6.046  9000.000  9000.000  9000.000  9000.000  9000.000  9000.000  9000.000  9000.00000
 3.3      688.250  9000.000     3.308  9000.000  9000.000  9000.000  9000.000  9000.000  9000.000  9000.000  9000.00000
 3.4      679.880  9000.000     4.000  9000.000  9000.000  9000.000  9000.000  9000.000  9000.000  9000.000  9000.00000
 3.5      671.520  9000.000     2.000  9000.000  9000.000  9000.000  9000.000  9000.000  9000.000  9000.000  9000.00000
 3.6      663.380  9000.000     3.000  9000.000  9000.000  9000.000  9000.000  9000.000  9000.000  9000.000  9000.00000
 3.7      655.230  9000.000     3.000  9000.000  9000.000  9000.000  9000.000  9000.000  9000.000  9000.000  9000.00000
 3.8      647.210  9000.000     3.000  9000.000  9000.000  9000.000  9000.000  9000.000  9000.000  9000.000  9000.00000
 3.9      639.260  9000.000     3.000  9000.000  9000.000  9000.000  9000.000  9000.000  9000.000  9000.000  9000.00000
 4.0      631.410  9000.000     3.000  9000.000  9000.000  9000.000  9000.000  9000.000  9000.000  9000.000  9000.00000
 4.1      623.580  9000.000     3.000  9000.000  9000.000  9000.000  9000.000  9000.000  9000.000  9000.000  9000.00000
 4.2      615.900  9000.000     3.000  9000.000  9000.000  9000.000  9000.000  9000.000  9000.000  9000.000  9000.00000
 4.3      608.330  9000.000     3.000  9000.000  9000.000  9000.000  9000.000  9000.000  9000.000  9000.000  9000.00000
 4.4      600.740  9000.000     3.000  9000.000  9000.000  9000.000  9000.000  9000.000  9000.000  9000.000  9000.00000
 4.5      593.280  9000.000     3.000  9000.000  9000.000  9000.000  9000.000  9000.000  9000.000  9000.000  9000.00000
 4.6      585.880  9000.000     3.600  9000.000  9000.000  9000.000  9000.000  9000.000  9000.000  9000.000  9000.00000
 4.7      578.520  9000.000     4.000  9000.000  9000.000  9000.000  9000.000  9000.000  9000.000  9000.000  9000.00000
 4.8      571.300  9000.000     4.000  9000.000  9000.000  9000.000  9000.000  9000.000  9000.000  9000.000  9000.00000
 4.9      564.050  9000.000     4.000  9000.000  9000.000  9000.000  9000.000  9000.000  9000.000  9000.000  9000.00000
 5.0      556.940  9000.000     3.386  9000.000  9000.000  9000.000  9000.000  9000.000  9000.000  9000.000  9000.00000
 5.1      549.920  9000.000     3.000  9000.000  9000.000  9000.000  9000.000  9000.000  9000.000  9000.000  9000.00000
 5.2      542.980  9000.000     3.000  9000.000  9000.000  9000.000  9000.000  9000.000  9000.000  9000.000  9000.00000
 5.3      536.080  9000.000     3.000  9000.000  9000.000  9000.000  9000.000  9000.000  9000.000  9000.000  9000.00000
 5.4      529.280  9000.000     3.000  9000.000  9000.000  9000.000  9000.000  9000.000  9000.000  9000.000  9000.00000
 5.5      522.530  9000.000     3.000  9000.000  9000.000  9000.000  9000.000  9000.000  9000.000  9000.000  9000.00000
 5.6      515.880  9000.000     3.000  9000.000  9000.000  9000.000  9000.000  9000.000  9000.000  9000.000  9000.00000
 5.7      509.240  9000.000     3.000  9000.000  9000.000  9000.000  9000.000  9000.000  9000.000  9000.000  9000.00000
 5.8      502.670  9000.000     4.000  9000.000  9000.000  9000.000  9000.000  9000.000  9000.000  9000.000  9000.00000
 5.9      496.160  9000.000     4.000  9000.000  9000.000  9000.000  9000.000  9000.000  9000.000  9000.000  9000.00000
 6.0      489.750  9000.000     4.000  9000.000  9000.000  9000.000  9000.000  9000.000  9000.000  9000.000  9000.00000
 6.1      483.410  9000.000     4.000  9000.000  9000.000  9000.000  9000.000  9000.000  9000.000  9000.000  9000.00000
 6.2      477.050  9000.000     4.841  9000.000  9000.000  9000.000  9000.000  9000.000  9000.000  9000.000  9000.00000
 6.3      470.850  9000.000     4.000  9000.000  9000.000  9000.000  9000.000  9000.000  9000.000  9000.000  9000.00000
 6.4      464.700  9000.000    10.489  9000.000  9000.000  9000.000  9000.000  9000.000  9000.000  9000.000  9000.00000
 6.5      458.590  9000.000    19.417  9000.000  9000.000  9000.000  9000.000  9000.000  9000.000  9000.000  9000.00000
 6.6      452.620  9000.000    23.021  9000.000  9000.000  9000.000  9000.000  9000.000  9000.000  9000.000  9000.00000
 6.7      446.670  9000.000    31.000  9000.000  9000.000  9000.000  9000.000  9000.000  9000.000  9000.000  9000.00000
 6.8      440.730  9000.000    32.000  9000.000  9000.000  9000.000  9000.000  9000.000  9000.000  9000.000  9000.00000
 6.9      434.910  9000.000    33.848  9000.000  9000.000  9000.000  9000.000  9000.000  9000.000  9000.000  9000.00000
 7.0      429.110  9000.000    37.111  9000.000  9000.000  9000.000  9000.000  9000.000  9000.000  9000.000  9000.00000
 7.1      423.380  9000.000    39.652  9000.000  9000.000  9000.000  9000.000  9000.000  9000.000  9000.000  9000.00000
 7.2      417.720  9000.000    44.182  9000.000  9000.000  9000.000  9000.000  9000.000  9000.000  9000.000  9000.00000
 7.3      412.110  9000.000    50.826  9000.000  9000.000  9000.000  9000.000  9000.000  9000.000  9000.000  9000.00000
 7.4      406.580  9000.000    59.694  9000.000  9000.000  9000.000  9000.000  9000.000  9000.000  9000.000  9000.00000
 7.5      401.080  9000.000    67.333  9000.000  9000.000  9000.000  9000.000  9000.000  9000.000  9000.000  9000.00000
 7.6      395.670  9000.000    68.667  9000.000  9000.000  9000.000  9000.000  9000.000  9000.000  9000.000  9000.00000
 7.7      390.250  9000.000    72.036  9000.000  9000.000  9000.000  9000.000  9000.000  9000.000  9000.000  9000.00000
 7.8      384.930  9000.000    74.302  9000.000  9000.000  9000.000  9000.000  9000.000  9000.000  9000.000  9000.00000
 7.9      379.670  9000.000    51.667  9000.000  9000.000  9000.000  9000.000  9000.000  9000.000  9000.000  9000.00000
 8.0      374.420  9000.000    60.067  9000.000  9000.000  9000.000  9000.000  9000.000  9000.000  9000.000  9000.00000
 8.1      369.330  9000.000    71.532  9000.000  9000.000  9000.000  9000.000  9000.000  9000.000  9000.000  9000.00000
 8.2      364.140  9000.000    80.383  9000.000  9000.000  9000.000  9000.000  9000.000  9000.000  9000.000  9000.00000
 8.3      359.160  9000.000    85.736  9000.000  9000.000  9000.000  9000.000  9000.000  9000.000  9000.000  9000.00000
 8.4      354.150  9000.000    89.635  9000.000  9000.000  9000.000  9000.000  9000.000  9000.000  9000.000  9000.00000
 8.5      349.250  9000.000    94.175  9000.000  9000.000  9000.000  9000.000  9000.000  9000.000  9000.000  9000.00000
 8.6      344.340  9000.000    96.873  9000.000  9000.000  9000.000  9000.000  9000.000  9000.000  9000.000  9000.00000
 8.7      339.490  9000.000    95.267  9000.000  9000.000  9000.000  9000.000  9000.000  9000.000  9000.000  9000.00000
 8.8      334.700  9000.000    96.960  9000.000  9000.000  9000.000  9000.000  9000.000  9000.000  9000.000  9000.00000
 8.9      330.010  9000.000    97.089  9000.000  9000.000  9000.000  9000.000  9000.000  9000.000  9000.000  9000.00000
 9.0      325.300  9000.000    91.372  9000.000  9000.000  9000.000  9000.000  9000.000  9000.000  9000.000  9000.00000
 9.1      320.750  9000.000    72.077  9000.000  9000.000  9000.000  9000.000  9000.000  9000.000  9000.000  9000.00000
 9.2      316.150  9000.000    70.471  9000.000  9000.000  9000.000  9000.000  9000.000  9000.000  9000.000  9000.00000
 9.3      311.620  9000.000    53.314  9000.000  9000.000  9000.000  9000.000  9000.000  9000.000  9000.000  9000.00000
 9.4      307.130  9000.000    34.946  9000.000  9000.000  9000.000  9000.000  9000.000  9000.000  9000.000  9000.00000
 9.5      302.730  9000.000    19.973  9000.000  9000.000  9000.000  9000.000  9000.000  9000.000  9000.000  9000.00000
 9.6      298.390  9000.000    16.000  9000.000  9000.000  9000.000  9000.000  9000.000  9000.000  9000.000  9000.00000
 9.7      294.030  9000.000    15.000  9000.000  9000.000  9000.000  9000.000  9000.000  9000.000  9000.000  9000.00000
 9.8      289.740  9000.000    16.118  9000.000  9000.000  9000.000  9000.000  9000.000  9000.000  9000.000  9000.00000
 9.9      285.620  9000.000    18.121  9000.000  9000.000  9000.000  9000.000  9000.000  9000.000  9000.000  9000.00000
10.0      281.440  9000.000    21.000  9000.000  9000.000  9000.000  9000.000  9000.000  9000.000  9000.000  9000.00000
10.1      277.300  9000.000    18.000  9000.000  9000.000  9000.000  9000.000  9000.000  9000.000  9000.000  9000.00000
10.2      273.240  9000.000    18.000  9000.000  9000.000  9000.000  9000.000  9000.000  9000.000  9000.000  9000.00000
10.3      269.160  9000.000    18.289  9000.000  9000.000  9000.000  9000.000  9000.000  9000.000  9000.000  9000.00000
10.4      265.160  9000.000    14.472  9000.000  9000.000  9000.000  9000.000  9000.000  9000.000  9000.000  9000.00000
10.5      261.260  9000.000    12.000  9000.000  9000.000  9000.000  9000.000  9000.000  9000.000  9000.000  9000.00000
10.6      257.430  9000.000    10.167  9000.000  9000.000  9000.000  9000.000  9000.000  9000.000  9000.000  9000.00000
10.7      253.600  9000.000     9.250  9000.000  9000.000  9000.000  9000.000  9000.000  9000.000  9000.000  9000.00000
10.8      249.860  9000.000     7.474  9000.000  9000.000  9000.000  9000.000  9000.000  9000.000  9000.000  9000.00000
10.9      246.120  9000.000     6.128  9000.000  9000.000  9000.000  9000.000  9000.000  9000.000  9000.000  9000.00000
11.0      242.470  9000.000     7.667  9000.000  9000.000  9000.000  9000.000  9000.000  9000.000  9000.000  9000.00000
11.1      238.850  9000.000     9.000  9000.000  9000.000  9000.000  9000.000  9000.000  9000.000  9000.000  9000.00000
11.2      235.290  9000.000    10.000  9000.000  9000.000  9000.000  9000.000  9000.000  9000.000  9000.000  9000.00000
11.3      231.670  9000.000    13.056  9000.000  9000.000  9000.000  9000.000  9000.000  9000.000  9000.000  9000.00000
11.4      228.180  9000.000    17.515  9000.000  9000.000  9000.000  9000.000  9000.000  9000.000  9000.000  9000.00000
11.5      224.750  9000.000    20.000  9000.000  9000.000  9000.000  9000.000  9000.000  9000.000  9000.000  9000.00000
11.6      221.330  9000.000    22.516  9000.000  9000.000  9000.000  9000.000  9000.000  9000.000  9000.000  9000.00000
11.7      217.900  9000.000    26.636  9000.000  9000.000  9000.000  9000.000  9000.000  9000.000  9000.000  9000.00000
11.8      214.590  9000.000    27.765  9000.000  9000.000  9000.000  9000.000  9000.000  9000.000  9000.000  9000.00000
11.9      211.290  9000.000    19.421  9000.000  9000.000  9000.000  9000.000  9000.000  9000.000  9000.000  9000.00000
12.0      208.010  9000.000    12.923  9000.000  9000.000  9000.000  9000.000  9000.000  9000.000  9000.000  9000.00000
12.1      204.780  9000.000    11.316  9000.000  9000.000  9000.000  9000.000  9000.000  9000.000  9000.000  9000.00000
12.2      201.690  9000.000    10.683  9000.000  9000.000  9000.000  9000.000  9000.000  9000.000  9000.000  9000.00000
12.3      198.560  9000.000    10.000  9000.000  9000.000  9000.000  9000.000  9000.000  9000.000  9000.000  9000.00000
12.4      195.450  9000.000    10.000  9000.000  9000.000  9000.000  9000.000  9000.000  9000.000  9000.000  9000.00000
12.5      192.380  9000.000    10.000  9000.000  9000.000  9000.000  9000.000  9000.000  9000.000  9000.000  9000.00000
12.6      189.410  9000.000    10.000  9000.000  9000.000  9000.000  9000.000  9000.000  9000.000  9000.000  9000.00000
12.7      186.440  9000.000    10.000  9000.000  9000.000  9000.000  9000.000  9000.000  9000.000  9000.000  9000.00000
12.8      183.440  9000.000    10.000  9000.000  9000.000  9000.000  9000.000  9000.000  9000.000  9000.000  9000.00000
12.9      180.550  9000.000    10.000  9000.000  9000.000  9000.000  9000.000  9000.000  9000.000  9000.000  9000.00000
13.0      177.700  9000.000     9.000  9000.000  9000.000  9000.000  9000.000  9000.000  9000.000  9000.000  9000.00000
13.1      174.900  9000.000     8.703  9000.000  9000.000  9000.000  9000.000  9000.000  9000.000  9000.000  9000.00000
13.2      172.170  9000.000     8.000  9000.000  9000.000  9000.000  9000.000  9000.000  9000.000  9000.000  9000.00000
13.3      169.420  9000.000     8.000  9000.000  9000.000  9000.000  9000.000  9000.000  9000.000  9000.000  9000.00000
13.4      166.740  9000.000     8.000  9000.000  9000.000  9000.000  9000.000  9000.000  9000.000  9000.000  9000.00000
13.5      164.080  9000.000     8.000  9000.000  9000.000  9000.000  9000.000  9000.000  9000.000  9000.000  9000.00000
13.6      161.460  9000.000     8.000  9000.000  9000.000  9000.000  9000.000  9000.000  9000.000  9000.000  9000.00000
13.7      158.890  9000.000     8.000  9000.000  9000.000  9000.000  9000.000  9000.000  9000.000  9000.000  9000.00000
13.8      156.340  9000.000     7.000  9000.000  9000.000  9000.000  9000.000  9000.000  9000.000  9000.000  9000.00000
13.9      153.820  9000.000     7.000  9000.000  9000.000  9000.000  9000.000  9000.000  9000.000  9000.000  9000.00000
14.0      151.380  9000.000     7.000  9000.000  9000.000  9000.000  9000.000  9000.000  9000.000  9000.000  9000.00000
14.1      148.900  9000.000     8.000  9000.000  9000.000  9000.000  9000.000  9000.000  9000.000  9000.000  9000.00000
14.2      146.550  9000.000     8.000  9000.000  9000.000  9000.000  9000.000  9000.000  9000.000  9000.000  9000.00000
14.3      144.160  9000.000     9.000  9000.000  9000.000  9000.000  9000.000  9000.000  9000.000  9000.000  9000.00000
14.4      141.760  9000.000    10.000  9000.000  9000.000  9000.000  9000.000  9000.000  9000.000  9000.000  9000.00000
14.5      139.440  9000.000    10.400  9000.000  9000.000  9000.000  9000.000  9000.000  9000.000  9000.000  9000.00000
14.6      137.150  9000.000    11.000  9000.000  9000.000  9000.000  9000.000  9000.000  9000.000  9000.000  9000.00000
14.7      134.900  9000.000    11.000  9000.000  9000.000  9000.000  9000.000  9000.000  9000.000  9000.000  9000.00000
14.8      132.690  9000.000    11.000  9000.000  9000.000  9000.000  9000.000  9000.000  9000.000  9000.000  9000.00000
14.9      130.490  9000.000    10.000  9000.000  9000.000  9000.000  9000.000  9000.000  9000.000  9000.000  9000.00000
15.0      128.360  9000.000     9.364  9000.000  9000.000  9000.000  9000.000  9000.000  9000.000  9000.000  9000.00000
15.1      126.240  9000.000     9.000  9000.000  9000.000  9000.000  9000.000  9000.000  9000.000  9000.000  9000.00000
15.2      124.150  9000.000     9.000  9000.000  9000.000  9000.000  9000.000  9000.000  9000.000  9000.000  9000.00000
15.3      122.120  9000.000    10.000  9000.000  9000.000  9000.000  9000.000  9000.000  9000.000  9000.000  9000.00000
15.4      120.100  9000.000    10.000  9000.000  9000.000  9000.000  9000.000  9000.000  9000.000  9000.000  9000.00000
15.5      118.070  9000.000    10.476  9000.000  9000.000  9000.000  9000.000  9000.000  9000.000  9000.000  9000.00000
15.6      116.110  9000.000    11.000  9000.000  9000.000  9000.000  9000.000  9000.000  9000.000  9000.000  9000.00000
15.7     9000.000  9000.000  9000.000  9000.000  9000.000  9000.000  9000.000  9000.000  9000.000  9000.000  9000.00000
15.8     9000.000  9000.000  9000.000  9000.000  9000.000  9000.000  9000.000  9000.000  9000.000  9000.000  9000.00000
15.9     9000.000  9000.000  9000.000  9000.000  9000.000  9000.000  9000.000  9000.000  9000.000  9000.000  9000.00000
16.0     9000.000  9000.000  9000.000  9000.000  9000.000  9000.000  9000.000  9000.000  9000.000  9000.000  9000.00000
16.1     9000.000  9000.000  9000.000  9000.000  9000.000  9000.000  9000.000  9000.000  9000.000  9000.000  9000.00000
16.2     9000.000  9000.000  9000.000  9000.000  9000.000  9000.000  9000.000  9000.000  9000.000  9000.000  9000.00000
16.3     9000.000  9000.000  9000.000  9000.000  9000.000  9000.000  9000.000  9000.000  9000.000  9000.000  9000.00000
16.4     9000.000  9000.000  9000.000  9000.000  9000.000  9000.000  9000.000  9000.000  9000.000  9000.000  9000.00000
16.5     9000.000  9000.000  9000.000  9000.000  9000.000  9000.000  9000.000  9000.000  9000.000  9000.000  9000.00000
16.6     9000.000  9000.000  9000.000  9000.000  9000.000  9000.000  9000.000  9000.000  9000.000  9000.000  9000.00000
16.7     9000.000  9000.000  9000.000  9000.000  9000.000  9000.000  9000.000  9000.000  9000.000  9000.000  9000.00000
16.8     9000.000  9000.000  9000.000  9000.000  9000.000  9000.000  9000.000  9000.000  9000.000  9000.000  9000.00000
16.9     9000.000  9000.000  9000.000  9000.000  9000.000  9000.000  9000.000  9000.000  9000.000  9000.000  9000.00000
17.0     9000.000  9000.000  9000.000  9000.000  9000.000  9000.000  9000.000  9000.000  9000.000  9000.000  9000.00000
17.1     9000.000  9000.000  9000.000  9000.000  9000.000  9000.000  9000.000  9000.000  9000.000  9000.000  9000.00000
17.2     9000.000  9000.000  9000.000  9000.000  9000.000  9000.000  9000.000  9000.000  9000.000  9000.000  9000.00000
17.3     9000.000  9000.000  9000.000  9000.000  9000.000  9000.000  9000.000  9000.000  9000.000  9000.000  9000.00000
17.4     9000.000  9000.000  9000.000  9000.000  9000.000  9000.000  9000.000  9000.000  9000.000  9000.000  9000.00000
17.5     9000.000  9000.000  9000.000  9000.000  9000.000  9000.000  9000.000  9000.000  9000.000  9000.000  9000.00000
17.6     9000.000  9000.000  9000.000  9000.000  9000.000  9000.000  9000.000  9000.000  9000.000  9000.000  9000.00000
17.7     9000.000  9000.000  9000.000  9000.000  9000.000  9000.000  9000.000  9000.000  9000.000  9000.000  9000.00000
17.8     9000.000  9000.000  9000.000  9000.000  9000.000  9000.000  9000.000  9000.000  9000.000  9000.000  9000.00000
17.9     9000.000  9000.000  9000.000  9000.000  9000.000  9000.000  9000.000  9000.000  9000.000  9000.000  9000.00000
18.0     9000.000  9000.000  9000.000  9000.000  9000.000  9000.000  9000.000  9000.000  9000.000  9000.000  9000.00000
18.1     9000.000  9000.000  9000.000  9000.000  9000.000  9000.000  9000.000  9000.000  9000.000  9000.000  9000.00000
18.2     9000.000  9000.000  9000.000  9000.000  9000.000  9000.000  9000.000  9000.000  9000.000  9000.000  9000.00000
18.3     9000.000  9000.000  9000.000  9000.000  9000.000  9000.000  9000.000  9000.000  9000.000  9000.000  9000.00000
18.4     9000.000  9000.000  9000.000  9000.000  9000.000  9000.000  9000.000  9000.000  9000.000  9000.000  9000.00000
18.5     9000.000  9000.000  9000.000  9000.000  9000.000  9000.000  9000.000  9000.000  9000.000  9000.000  9000.00000
18.6     9000.000  9000.000  9000.000  9000.000  9000.000  9000.000  9000.000  9000.000  9000.000  9000.000  9000.00000
18.7     9000.000  9000.000  9000.000  9000.000  9000.000  9000.000  9000.000  9000.000  9000.000  9000.000  9000.00000
18.8     9000.000  9000.000  9000.000  9000.000  9000.000  9000.000  9000.000  9000.000  9000.000  9000.000  9000.00000
18.9     9000.000  9000.000  9000.000  9000.000  9000.000  9000.000  9000.000  9000.000  9000.000  9000.000  9000.00000
19.0     9000.000  9000.000  9000.000  9000.000  9000.000  9000.000  9000.000  9000.000  9000.000  9000.000  9000.00000
19.1     9000.000  9000.000  9000.000  9000.000  9000.000  9000.000  9000.000  9000.000  9000.000  9000.000  9000.00000
19.2     9000.000  9000.000  9000.000  9000.000  9000.000  9000.000  9000.000  9000.000  9000.000  9000.000  9000.00000
19.3     9000.000  9000.000  9000.000  9000.000  9000.000  9000.000  9000.000  9000.000  9000.000  9000.000  9000.00000
19.4     9000.000  9000.000  9000.000  9000.000  9000.000  9000.000  9000.000  9000.000  9000.000  9000.000  9000.00000
19.5     9000.000  9000.000  9000.000  9000.000  9000.000  9000.000  9000.000  9000.000  9000.000  9000.000  9000.00000
19.6     9000.000  9000.000  9000.000  9000.000  9000.000  9000.000  9000.000  9000.000  9000.000  9000.000  9000.00000
19.7     9000.000  9000.000  9000.000  9000.000  9000.000  9000.000  9000.000  9000.000  9000.000  9000.000  9000.00000
19.8     9000.000  9000.000  9000.000  9000.000  9000.000  9000.000  9000.000  9000.000  9000.000  9000.000  9000.00000
19.9     9000.000  9000.000  9000.000  9000.000  9000.000  9000.000  9000.000  9000.000  9000.000  9000.000  9000.00000
20.0     9000.000  9000.000  9000.000  9000.000  9000.000  9000.000  9000.000  9000.000  9000.000  9000.000  9000.00000
20.1     9000.000  9000.000  9000.000  9000.000  9000.000  9000.000  9000.000  9000.000  9000.000  9000.000  9000.00000
20.2     9000.000  9000.000  9000.000  9000.000  9000.000  9000.000  9000.000  9000.000  9000.000  9000.000  9000.00000
20.3     9000.000  9000.000  9000.000  9000.000  9000.000  9000.000  9000.000  9000.000  9000.000  9000.000  9000.00000
20.4     9000.000  9000.000  9000.000  9000.000  9000.000  9000.000  9000.000  9000.000  9000.000  9000.000  9000.00000
20.5     9000.000  9000.000  9000.000  9000.000  9000.000  9000.000  9000.000  9000.000  9000.000  9000.000  9000.00000
20.6     9000.000  9000.000  9000.000  9000.000  9000.000  9000.000  9000.000  9000.000  9000.000  9000.000  9000.00000
20.7     9000.000  9000.000  9000.000  9000.000  9000.000  9000.000  9000.000  9000.000  9000.000  9000.000  9000.00000
20.8     9000.000  9000.000  9000.000  9000.000  9000.000  9000.000  9000.000  9000.000  9000.000  9000.000  9000.00000
20.9     9000.000  9000.000  9000.000  9000.000  9000.000  9000.000  9000.000  9000.000  9000.000  9000.000  9000.00000
21.0     9000.000  9000.000  9000.000  9000.000  9000.000  9000.000  9000.000  9000.000  9000.000  9000.000  9000.00000
21.1     9000.000  9000.000  9000.000  9000.000  9000.000  9000.000  9000.000  9000.000  9000.000  9000.000  9000.00000
21.2     9000.000  9000.000  9000.000  9000.000  9000.000  9000.000  9000.000  9000.000  9000.000  9000.000  9000.00000
21.3     9000.000  9000.000  9000.000  9000.000  9000.000  9000.000  9000.000  9000.000  9000.000  9000.000  9000.00000
21.4     9000.000  9000.000  9000.000  9000.000  9000.000  9000.000  9000.000  9000.000  9000.000  9000.000  9000.00000
21.5     9000.000  9000.000  9000.000  9000.000  9000.000  9000.000  9000.000  9000.000  9000.000  9000.000  9000.00000
21.6     9000.000  9000.000  9000.000  9000.000  9000.000  9000.000  9000.000  9000.000  9000.000  9000.000  9000.00000
21.7     9000.000  9000.000  9000.000  9000.000  9000.000  9000.000  9000.000  9000.000  9000.000  9000.000  9000.00000
21.8     9000.000  9000.000  9000.000  9000.000  9000.000  9000.000  9000.000  9000.000  9000.000  9000.000  9000.00000
21.9     9000.000  9000.000  9000.000  9000.000  9000.000  9000.000  9000.000  9000.000  9000.000  9000.000  9000.00000
22.0     9000.000  9000.000  9000.000  9000.000  9000.000  9000.000  9000.000  9000.000  9000.000  9000.000  9000.00000
22.1     9000.000  9000.000  9000.000  9000.000  9000.000  9000.000  9000.000  9000.000  9000.000  9000.000  9000.00000
22.2     9000.000  9000.000  9000.000  9000.000  9000.000  9000.000  9000.000  9000.000  9000.000  9000.000  9000.00000
22.3     9000.000  9000.000  9000.000  9000.000  9000.000  9000.000  9000.000  9000.000  9000.000  9000.000  9000.00000
22.4     9000.000  9000.000  9000.000  9000.000  9000.000  9000.000  9000.000  9000.000  9000.000  9000.000  9000.00000
22.5     9000.000  9000.000  9000.000  9000.000  9000.000  9000.000  9000.000  9000.000  9000.000  9000.000  9000.00000
22.6     9000.000  9000.000  9000.000  9000.000  9000.000  9000.000  9000.000  9000.000  9000.000  9000.000  9000.00000
22.7     9000.000  9000.000  9000.000  9000.000  9000.000  9000.000  9000.000  9000.000  9000.000  9000.000  9000.00000
22.8     9000.000  9000.000  9000.000  9000.000  9000.000  9000.000  9000.000  9000.000  9000.000  9000.000  9000.00000
22.9     9000.000  9000.000  9000.000  9000.000  9000.000  9000.000  9000.000  9000.000  9000.000  9000.000  9000.00000
23.0     9000.000  9000.000  9000.000  9000.000  9000.000  9000.000  9000.000  9000.000  9000.000  9000.000  9000.00000
23.1     9000.000  9000.000  9000.000  9000.000  9000.000  9000.000  9000.000  9000.000  9000.000  9000.000  9000.00000
23.2     9000.000  9000.000  9000.000  9000.000  9000.000  9000.000  9000.000  9000.000  9000.000  9000.000  9000.00000
23.3     9000.000  9000.000  9000.000  9000.000  9000.000  9000.000  9000.000  9000.000  9000.000  9000.000  9000.00000
23.4     9000.000  9000.000  9000.000  9000.000  9000.000  9000.000  9000.000  9000.000  9000.000  9000.000  9000.00000
23.5     9000.000  9000.000  9000.000  9000.000  9000.000  9000.000  9000.000  9000.000  9000.000  9000.000  9000.00000
23.6     9000.000  9000.000  9000.000  9000.000  9000.000  9000.000  9000.000  9000.000  9000.000  9000.000  9000.00000
23.7     9000.000  9000.000  9000.000  9000.000  9000.000  9000.000  9000.000  9000.000  9000.000  9000.000  9000.00000
23.8     9000.000  9000.000  9000.000  9000.000  9000.000  9000.000  9000.000  9000.000  9000.000  9000.000  9000.00000
23.9     9000.000  9000.000  9000.000  9000.000  9000.000  9000.000  9000.000  9000.000  9000.000  9000.000  9000.00000
24.0     9000.000  9000.000  9000.000  9000.000  9000.000  9000.000  9000.000  9000.000  9000.000  9000.000  9000.00000
24.1     9000.000  9000.000  9000.000  9000.000  9000.000  9000.000  9000.000  9000.000  9000.000  9000.000  9000.00000
24.2     9000.000  9000.000  9000.000  9000.000  9000.000  9000.000  9000.000  9000.000  9000.000  9000.000  9000.00000
24.3     9000.000  9000.000  9000.000  9000.000  9000.000  9000.000  9000.000  9000.000  9000.000  9000.000  9000.00000
24.4     9000.000  9000.000  9000.000  9000.000  9000.000  9000.000  9000.000  9000.000  9000.000  9000.000  9000.00000
24.5     9000.000  9000.000  9000.000  9000.000  9000.000  9000.000  9000.000  9000.000  9000.000  9000.000  9000.00000
24.6     9000.000  9000.000  9000.000  9000.000  9000.000  9000.000  9000.000  9000.000  9000.000  9000.000  9000.00000
24.7     9000.000  9000.000  9000.000  9000.000  9000.000  9000.000  9000.000  9000.000  9000.000  9000.000  9000.00000
24.8     9000.000  9000.000  9000.000  9000.000  9000.000  9000.000  9000.000  9000.000  9000.000  9000.000  9000.00000
24.9     9000.000  9000.000  9000.000  9000.000  9000.000  9000.000  9000.000  9000.000  9000.000  9000.000  9000.00000
25.0     9000.000  9000.000  9000.000  9000.000  9000.000  9000.000  9000.000  9000.000  9000.000  9000.000  9000.00000
25.1     9000.000  9000.000  9000.000  9000.000  9000.000  9000.000  9000.000  9000.000  9000.000  9000.000  9000.00000
25.2     9000.000  9000.000  9000.000  9000.000  9000.000  9000.000  9000.000  9000.000  9000.000  9000.000  9000.00000
25.3     9000.000  9000.000  9000.000  9000.000  9000.000  9000.000  9000.000  9000.000  9000.000  9000.000  9000.00000
25.4     9000.000  9000.000  9000.000  9000.000  9000.000  9000.000  9000.000  9000.000  9000.000  9000.000  9000.00000
25.5     9000.000  9000.000  9000.000  9000.000  9000.000  9000.000  9000.000  9000.000  9000.000  9000.000  9000.00000
25.6     9000.000  9000.000  9000.000  9000.000  9000.000  9000.000  9000.000  9000.000  9000.000  9000.000  9000.00000
25.7     9000.000  9000.000  9000.000  9000.000  9000.000  9000.000  9000.000  9000.000  9000.000  9000.000  9000.00000
25.8     9000.000  9000.000  9000.000  9000.000  9000.000  9000.000  9000.000  9000.000  9000.000  9000.000  9000.00000
25.9     9000.000  9000.000  9000.000  9000.000  9000.000  9000.000  9000.000  9000.000  9000.000  9000.000  9000.00000
26.0     9000.000  9000.000  9000.000  9000.000  9000.000  9000.000  9000.000  9000.000  9000.000  9000.000  9000.00000
26.1     9000.000  9000.000  9000.000  9000.000  9000.000  9000.000  9000.000  9000.000  9000.000  9000.000  9000.00000
26.2     9000.000  9000.000  9000.000  9000.000  9000.000  9000.000  9000.000  9000.000  9000.000  9000.000  9000.00000
26.3     9000.000  9000.000  9000.000  9000.000  9000.000  9000.000  9000.000  9000.000  9000.000  9000.000  9000.00000
26.4     9000.000  9000.000  9000.000  9000.000  9000.000  9000.000  9000.000  9000.000  9000.000  9000.000  9000.00000
26.5     9000.000  9000.000  9000.000  9000.000  9000.000  9000.000  9000.000  9000.000  9000.000  9000.000  9000.00000
26.6     9000.000  9000.000  9000.000  9000.000  9000.000  9000.000  9000.000  9000.000  9000.000  9000.000  9000.00000
26.7     9000.000  9000.000  9000.000  9000.000  9000.000  9000.000  9000.000  9000.000  9000.000  9000.000  9000.00000
26.8     9000.000  9000.000  9000.000  9000.000  9000.000  9000.000  9000.000  9000.000  9000.000  9000.000  9000.00000
26.9     9000.000  9000.000  9000.000  9000.000  9000.000  9000.000  9000.000  9000.000  9000.000  9000.000  9000.00000
27.0     9000.000  9000.000  9000.000  9000.000  9000.000  9000.000  9000.000  9000.000  9000.000  9000.000  9000.00000
27.1     9000.000  9000.000  9000.000  9000.000  9000.000  9000.000  9000.000  9000.000  9000.000  9000.000  9000.00000
27.2     9000.000  9000.000  9000.000  9000.000  9000.000  9000.000  9000.000  9000.000  9000.000  9000.000  9000.00000
27.3     9000.000  9000.000  9000.000  9000.000  9000.000  9000.000  9000.000  9000.000  9000.000  9000.000  9000.00000
27.4     9000.000  9000.000  9000.000  9000.000  9000.000  9000.000  9000.000  9000.000  9000.000  9000.000  9000.00000
27.5     9000.000  9000.000  9000.000  9000.000  9000.000  9000.000  9000.000  9000.000  9000.000  9000.000  9000.00000
27.6     9000.000  9000.000  9000.000  9000.000  9000.000  9000.000  9000.000  9000.000  9000.000  9000.000  9000.00000
27.7     9000.000  9000.000  9000.000  9000.000  9000.000  9000.000  9000.000  9000.000  9000.000  9000.000  9000.00000
27.8     9000.000  9000.000  9000.000  9000.000  9000.000  9000.000  9000.000  9000.000  9000.000  9000.000  9000.00000
27.9     9000.000  9000.000  9000.000  9000.000  9000.000  9000.000  9000.000  9000.000  9000.000  9000.000  9000.00000
28.0     9000.000  9000.000  9000.000  9000.000  9000.000  9000.000  9000.000  9000.000  9000.000  9000.000  9000.00000
28.1     9000.000  9000.000  9000.000  9000.000  9000.000  9000.000  9000.000  9000.000  9000.000  9000.000  9000.00000
28.2     9000.000  9000.000  9000.000  9000.000  9000.000  9000.000  9000.000  9000.000  9000.000  9000.000  9000.00000
28.3     9000.000  9000.000  9000.000  9000.000  9000.000  9000.000  9000.000  9000.000  9000.000  9000.000  9000.00000
28.4     9000.000  9000.000  9000.000  9000.000  9000.000  9000.000  9000.000  9000.000  9000.000  9000.000  9000.00000
28.5     9000.000  9000.000  9000.000  9000.000  9000.000  9000.000  9000.000  9000.000  9000.000  9000.000  9000.00000
28.6     9000.000  9000.000  9000.000  9000.000  9000.000  9000.000  9000.000  9000.000  9000.000  9000.000  9000.00000
28.7     9000.000  9000.000  9000.000  9000.000  9000.000  9000.000  9000.000  9000.000  9000.000  9000.000  9000.00000
28.8     9000.000  9000.000  9000.000  9000.000  9000.000  9000.000  9000.000  9000.000  9000.000  9000.000  9000.00000
28.9     9000.000  9000.000  9000.000  9000.000  9000.000  9000.000  9000.000  9000.000  9000.000  9000.000  9000.00000
29.0     9000.000  9000.000  9000.000  9000.000  9000.000  9000.000  9000.000  9000.000  9000.000  9000.000  9000.00000
29.1     9000.000  9000.000  9000.000  9000.000  9000.000  9000.000  9000.000  9000.000  9000.000  9000.000  9000.00000
29.2     9000.000  9000.000  9000.000  9000.000  9000.000  9000.000  9000.000  9000.000  9000.000  9000.000  9000.00000
29.3     9000.000  9000.000  9000.000  9000.000  9000.000  9000.000  9000.000  9000.000  9000.000  9000.000  9000.00000
29.4     9000.000  9000.000  9000.000  9000.000  9000.000  9000.000  9000.000  9000.000  9000.000  9000.000  9000.00000
29.5     9000.000  9000.000  9000.000  9000.000  9000.000  9000.000  9000.000  9000.000  9000.000  9000.000  9000.00000
29.6     9000.000  9000.000  9000.000  9000.000  9000.000  9000.000  9000.000  9000.000  9000.000  9000.000  9000.00000
29.7     9000.000  9000.000  9000.000  9000.000  9000.000  9000.000  9000.000  9000.000  9000.000  9000.000  9000.00000
29.8     9000.000  9000.000  9000.000  9000.000  9000.000  9000.000  9000.000  9000.000  9000.000  9000.000  9000.00000
29.9     9000.000  9000.000  9000.000  9000.000  9000.000  9000.000  9000.000  9000.000  9000.000  9000.000  9000.00000
30.0     9000.000  9000.000  9000.000  9000.000  9000.000  9000.000  9000.000  9000.000  9000.000  9000.000  9000.00000
30.1     9000.000  9000.000  9000.000  9000.000  9000.000  9000.000  9000.000  9000.000  9000.000  9000.000  9000.00000
30.2     9000.000  9000.000  9000.000  9000.000  9000.000  9000.000  9000.000  9000.000  9000.000  9000.000  9000.00000
30.3     9000.000  9000.000  9000.000  9000.000  9000.000  9000.000  9000.000  9000.000  9000.000  9000.000  9000.00000
30.4     9000.000  9000.000  9000.000  9000.000  9000.000  9000.000  9000.000  9000.000  9000.000  9000.000  9000.00000
30.5     9000.000  9000.000  9000.000  9000.000  9000.000  9000.000  9000.000  9000.000  9000.000  9000.000  9000.00000
30.6     9000.000  9000.000  9000.000  9000.000  9000.000  9000.000  9000.000  9000.000  9000.000  9000.000  9000.00000
30.7     9000.000  9000.000  9000.000  9000.000  9000.000  9000.000  9000.000  9000.000  9000.000  9000.000  9000.00000
30.8     9000.000  9000.000  9000.000  9000.000  9000.000  9000.000  9000.000  9000.000  9000.000  9000.000  9000.00000
30.9     9000.000  9000.000  9000.000  9000.000  9000.000  9000.000  9000.000  9000.000  9000.000  9000.000  9000.00000
31.0     9000.000  9000.000  9000.000  9000.000  9000.000  9000.000  9000.000  9000.000  9000.000  9000.000  9000.00000
31.1     9000.000  9000.000  9000.000  9000.000  9000.000  9000.000  9000.000  9000.000  9000.000  9000.000  9000.00000
31.2     9000.000  9000.000  9000.000  9000.000  9000.000  9000.000  9000.000  9000.000  9000.000  9000.000  9000.00000
31.3     9000.000  9000.000  9000.000  9000.000  9000.000  9000.000  9000.000  9000.000  9000.000  9000.000  9000.00000
31.4     9000.000  9000.000  9000.000  9000.000  9000.000  9000.000  9000.000  9000.000  9000.000  9000.000  9000.00000
31.5     9000.000  9000.000  9000.000  9000.000  9000.000  9000.000  9000.000  9000.000  9000.000  9000.000  9000.00000
31.6     9000.000  9000.000  9000.000  9000.000  9000.000  9000.000  9000.000  9000.000  9000.000  9000.000  9000.00000
31.7     9000.000  9000.000  9000.000  9000.000  9000.000  9000.000  9000.000  9000.000  9000.000  9000.000  9000.00000
31.8     9000.000  9000.000  9000.000  9000.000  9000.000  9000.000  9000.000  9000.000  9000.000  9000.000  9000.00000
31.9     9000.000  9000.000  9000.000  9000.000  9000.000  9000.000  9000.000  9000.000  9000.000  9000.000  9000.00000
32.0     9000.000  9000.000  9000.000  9000.000  9000.000  9000.000  9000.000  9000.000  9000.000  9000.000  9000.00000
32.1     9000.000  9000.000  9000.000  9000.000  9000.000  9000.000  9000.000  9000.000  9000.000  9000.000  9000.00000
32.2     9000.000  9000.000  9000.000  9000.000  9000.000  9000.000  9000.000  9000.000  9000.000  9000.000  9000.00000
32.3     9000.000  9000.000  9000.000  9000.000  9000.000  9000.000  9000.000  9000.000  9000.000  9000.000  9000.00000
32.4     9000.000  9000.000  9000.000  9000.000  9000.000  9000.000  9000.000  9000.000  9000.000  9000.000  9000.00000
32.5     9000.000  9000.000  9000.000  9000.000  9000.000  9000.000  9000.000  9000.000  9000.000  9000.000  9000.00000
32.6     9000.000  9000.000  9000.000  9000.000  9000.000  9000.000  9000.000  9000.000  9000.000  9000.000  9000.00000
32.7     9000.000  9000.000  9000.000  9000.000  9000.000  9000.000  9000.000  9000.000  9000.000  9000.000  9000.00000
32.8     9000.000  9000.000  9000.000  9000.000  9000.000  9000.000  9000.000  9000.000  9000.000  9000.000  9000.00000
32.9     9000.000  9000.000  9000.000  9000.000  9000.000  9000.000  9000.000  9000.000  9000.000  9000.000  9000.00000
33.0     9000.000  9000.000  9000.000  9000.000  9000.000  9000.000  9000.000  9000.000  9000.000  9000.000  9000.00000
33.1     9000.000  9000.000  9000.000  9000.000  9000.000  9000.000  9000.000  9000.000  9000.000  9000.000  9000.00000
33.2     9000.000  9000.000  9000.000  9000.000  9000.000  9000.000  9000.000  9000.000  9000.000  9000.000  9000.00000
33.3     9000.000  9000.000  9000.000  9000.000  9000.000  9000.000  9000.000  9000.000  9000.000  9000.000  9000.00000
33.4     9000.000  9000.000  9000.000  9000.000  9000.000  9000.000  9000.000  9000.000  9000.000  9000.000  9000.00000
33.5     9000.000  9000.000  9000.000  9000.000  9000.000  9000.000  9000.000  9000.000  9000.000  9000.000  9000.00000
33.6     9000.000  9000.000  9000.000  9000.000  9000.000  9000.000  9000.000  9000.000  9000.000  9000.000  9000.00000
33.7     9000.000  9000.000  9000.000  9000.000  9000.000  9000.000  9000.000  9000.000  9000.000  9000.000  9000.00000
33.8     9000.000  9000.000  9000.000  9000.000  9000.000  9000.000  9000.000  9000.000  9000.000  9000.000  9000.00000
33.9     9000.000  9000.000  9000.000  9000.000  9000.000  9000.000  9000.000  9000.000  9000.000  9000.000  9000.00000
34.0     9000.000  9000.000  9000.000  9000.000  9000.000  9000.000  9000.000  9000.000  9000.000  9000.000  9000.00000
34.1     9000.000  9000.000  9000.000  9000.000  9000.000  9000.000  9000.000  9000.000  9000.000  9000.000  9000.00000
34.2     9000.000  9000.000  9000.000  9000.000  9000.000  9000.000  9000.000  9000.000  9000.000  9000.000  9000.00000
34.3     9000.000  9000.000  9000.000  9000.000  9000.000  9000.000  9000.000  9000.000  9000.000  9000.000  9000.00000
34.4     9000.000  9000.000  9000.000  9000.000  9000.000  9000.000  9000.000  9000.000  9000.000  9000.000  9000.00000
34.5     9000.000  9000.000  9000.000  9000.000  9000.000  9000.000  9000.000  9000.000  9000.000  9000.000  9000.00000
34.6     9000.000  9000.000  9000.000  9000.000  9000.000  9000.000  9000.000  9000.000  9000.000  9000.000  9000.00000
34.7     9000.000  9000.000  9000.000  9000.000  9000.000  9000.000  9000.000  9000.000  9000.000  9000.000  9000.00000
34.8     9000.000  9000.000  9000.000  9000.000  9000.000  9000.000  9000.000  9000.000  9000.000  9000.000  9000.00000
34.9     9000.000  9000.000  9000.000  9000.000  9000.000  9000.000  9000.000  9000.000  9000.000  9000.000  9000.00000
35.0     9000.000  9000.000  9000.000  9000.000  9000.000  9000.000  9000.000  9000.000  9000.000  9000.000  9000.00000