CR2/DMC Archive                  : http://www.cr2.cl/recursos-y-publicaciones/datos-ozonosonda/
STATION                          : Easter Island, Chile
Data Provider                    : DMC Dirección Meteorológica de Chile, GAW Program
Data Compilation                 : 26 July, 2016, by CR2 Center for Climate and Resilience Research, data interpolated every 100m
Latitude (deg)                   : -27.16
Longitude (deg)                  : -109.43
Elevation (m)                    : 41.0
Launch Date                      : 20100525 
Launch Time (UT)                 : 
Highest level reached (hPa)      : 120.410
Integrated O3 until EOF (DU)     : 28.829
Sonde/Sage Climatology(1988-2002): 
Sonde Instrument, SN             : SPC 6A 
Radiosonde, SN                   : Vaisala, OS815N
Solution                         : 1.0% buffered
Applied pump corrections         : 
Pump flow rate (sec/100ml)       : 9000
Background current (uA)          : 9000
Missing or bad values            : 9000
Alt       Press     Temp      RH        O3        O3        O3        u         v         Theta     Theta e   Q         
km        hPa       K         %         mPa       ppbv      DU        m/s       m/s       K         K         g/kg      
 0.0     9000.000  9000.000  9000.000  9000.000  9000.000  9000.000  9000.000  9000.000  9000.000  9000.000  9000.00000
 0.1     9000.000  9000.000  9000.000  9000.000  9000.000  9000.000  9000.000  9000.000  9000.000  9000.000  9000.00000
 0.2     9000.000  9000.000  9000.000  9000.000  9000.000  9000.000  9000.000  9000.000  9000.000  9000.000  9000.00000
 0.3      991.680   291.650    71.250     2.388    24.075     0.220    -7.583     1.474   292.350   315.610     0.00971
 0.4      980.100   290.650    75.000     2.380    24.283     0.441    -8.477     1.957   292.320   315.640     0.00970
 0.5      968.700   289.710    77.806     2.376    24.529     0.662    -9.172     0.382   292.340   315.460     0.00958
 0.6      957.400   288.650    83.000     2.380    24.859     0.884    -9.265     0.811   292.250   315.630     0.00965
 0.7      946.220   287.770    85.947     2.350    24.841     1.104    -9.626     0.224   292.330   315.540     0.00955
 0.8      935.090   286.780    89.837     2.330    24.917     1.322    -8.788     0.705   292.320   315.410     0.00947
 0.9      924.080   285.910    91.000     2.320    25.106     1.541    -7.567     0.444   292.410   314.840     0.00916
 1.0      913.160   285.160    86.526     2.311    25.302     1.759    -7.989    -0.128   292.640   313.240     0.00839
 1.1      902.280   284.450    81.886     2.309    25.589     1.978    -9.832     0.300   292.910   311.790     0.00766
 1.2      891.560   285.940    49.727     2.302    25.818     2.194   -11.948    -0.379   295.440   308.300     0.00519
 1.3      881.090   285.840    32.946     2.340    26.561     2.415   -12.917     0.225   296.340   304.970     0.00347
 1.4      870.620   285.410    33.419     2.344    26.923     2.636   -13.490     0.892   296.900   305.540     0.00346
 1.5      860.200   284.960    30.919     2.370    27.555     2.860   -13.351     2.569   297.450   305.330     0.00314
 1.6      850.000   284.650    18.297     2.391    28.127     3.086   -12.720     3.647   298.140   302.800     0.00184
 1.7      839.900   284.780    10.000     2.618    31.172     3.334   -11.447     2.854   299.290   301.930     0.00103
 1.8      829.820   284.830    10.216     2.787    33.589     3.597    -8.112     3.212   300.370   303.120     0.00107
 1.9      819.900   284.290    10.000     2.942    35.889     3.876    -6.534     3.165   300.840   303.480     0.00102
 2.0      810.200   284.350     5.667     3.040    37.522     4.164    -5.581     3.265   301.920   303.470     0.00059
 2.1      800.510   284.140     5.000     3.052    38.123     4.453    -5.088     2.353   302.730   304.120     0.00052
 2.2      790.960   283.790     5.000     3.113    39.352     4.748    -4.544     2.334   303.390   304.770     0.00051
 2.3      781.480   283.510     3.378     3.285    42.038     5.060    -3.689     2.619   304.140   305.100     0.00034
 2.4      772.160   283.290     5.278     3.336    43.198     5.377    -2.625     1.624   304.950   306.400     0.00053
 2.5      762.910   282.540     8.971     3.330    43.645     5.695    -2.708     1.052   305.180   307.520     0.00087
 2.6      753.720   281.900     6.263     3.337    44.279     6.013    -2.706     2.547   305.540   307.170     0.00059
 2.7      744.590   281.530     5.457     3.295    44.258     6.329    -3.154     2.941   306.200   307.610     0.00051
 2.8      735.590   281.350     4.026     3.212    43.667     6.636    -5.771     2.471   307.070   308.140     0.00038
 2.9      726.810   281.270    15.824     2.838    39.043     6.908    -7.514     2.109   308.040   312.030     0.00148
 3.0      717.950   280.750    19.000     2.610    36.354     7.158    -8.411     2.020   308.540   313.220     0.00174
 3.1      709.300   280.330    28.265     2.479    34.956     7.396    -7.614     2.241   309.140   315.970     0.00255
 3.2      700.740   279.750    36.344     2.196    31.342     7.608    -6.812     2.213   309.570   318.110     0.00318
 3.3      692.240   279.280    38.237     2.110    30.481     7.811    -6.056     1.995   310.130   318.960     0.00328
 3.4      683.780   278.360    41.947     2.100    30.715     8.014    -6.209     2.502   310.190   319.420     0.00342
 3.5      675.450   277.430    44.421     2.030    30.054     8.211    -5.805     3.900   310.240   319.550     0.00343
 3.6      667.190   276.850    45.919     2.044    30.632     8.410    -4.807     4.426   310.680   320.050     0.00345
 3.7      659.040   275.970    61.842     1.902    28.854     8.596    -4.234     4.664   310.780   322.800     0.00442
 3.8      650.970   275.290    63.212     1.627    24.993     8.755    -3.919     3.949   311.100   323.000     0.00435
 3.9      642.950   274.620    62.647     1.514    23.540     8.903    -3.496     4.115   311.440   322.860     0.00416
 4.0      635.030   274.480    47.000     1.740    27.400     9.074    -3.842     4.073   312.380   321.050     0.00313
 4.1      627.200   273.890    49.424     1.757    28.013     9.246    -3.810     3.886   312.810   321.680     0.00319
 4.2      619.400   273.130    48.424     1.702    27.470     9.414    -3.164     3.869   313.060   321.430     0.00300
 4.3      611.710   272.430    48.839     1.723    28.160     9.584    -2.544     4.438   313.370   321.530     0.00291
 4.4      604.110   271.640    44.000     1.650    27.313     9.748    -2.703     5.305   313.580   320.650     0.00250
 4.5      596.500   270.740    42.543     1.610    26.995     9.908    -2.798     6.193   313.660   320.180     0.00229
 4.6      589.080   270.850    27.000     1.935    32.845    10.100    -1.545     7.125   314.910   319.210     0.00148
 4.7      581.690   270.510    16.586     2.289    39.356    10.328    -2.437     7.984   315.650   318.340     0.00090
 4.8      574.390   269.980    12.724     2.575    44.821    10.585    -2.224     8.218   316.170   318.230     0.00067
 4.9      567.120   269.750    12.000     2.625    46.294    10.847     0.115     8.515   317.050   319.010     0.00063
 5.0      560.030   269.570    12.000     2.582    46.098    11.105     2.732     8.832   317.970   319.940     0.00063
 5.1      552.930   269.240    11.034     2.399    43.393    11.345     4.341     8.901   318.740   320.560     0.00057
 5.2      545.970   268.700    12.000     2.327    42.626    11.578     4.827     8.612   319.250   321.160     0.00061
 5.3      539.050   267.940    12.000     2.307    42.799    11.810     5.093     7.738   319.510   321.360     0.00058
 5.4      532.270   267.130    12.406     2.284    42.906    12.040     5.290     7.281   319.690   321.530     0.00057
 5.5      525.510   266.160    14.313     2.234    42.506    12.266     5.389     7.418   319.690   321.670     0.00062
 5.6      518.740   265.260    15.286     2.161    41.667    12.486     5.382     7.142   319.800   321.810     0.00062
 5.7      512.160   264.350    16.647     2.107    41.135    12.700     4.997     6.959   319.860   321.930     0.00064
 5.8      505.520   263.570    25.735     1.963    38.830    12.901     4.933     7.045   320.100   323.060     0.00094
 5.9      499.080   262.980    21.313     1.708    34.219    13.076     4.936     6.711   320.550   322.980     0.00076
 6.0      492.580   262.200    18.516     1.965    39.888    13.277     4.582     6.188   320.800   322.860     0.00063
 6.1      486.190   261.600    12.941     2.041    41.971    13.487     4.073     6.533   321.250   322.730     0.00042
 6.2      479.850   261.070    11.000     1.986    41.396    13.692     3.249     7.626   321.800   323.070     0.00035
 6.3      473.610   260.180    11.361     1.919    40.522    13.891     2.485     8.516   321.900   323.150     0.00034
 6.4      467.430   259.360    14.000     1.880    40.220    14.086     1.582     8.624   322.090   323.520     0.00040
 6.5      461.280   258.490    14.212     1.820    39.456    14.276     1.264     8.996   322.220   323.610     0.00038
 6.6      455.270   257.930    13.774     1.809    39.728    14.465     1.946     9.604   322.730   324.050     0.00036
 6.7      449.250   257.400    14.000     1.740    38.731    14.647     3.207     9.181   323.290   324.610     0.00035
 6.8      443.320   256.690    13.000     1.764    39.781    14.832     4.022     9.626   323.620   324.820     0.00031
 6.9      437.450   255.970    13.419     1.794    41.015    15.020     3.907     9.961   323.940   325.140     0.00031
 7.0      431.660   255.290    16.545     1.703    39.446    15.200     4.614     9.654   324.300   325.680     0.00036
 7.1      425.920   254.330    19.545     1.574    36.947    15.367     4.697     9.218   324.330   325.820     0.00040
 7.2      420.220   253.300    22.543     1.515    36.042    15.528     4.493     8.818   324.250   325.840     0.00043
 7.3      414.580   252.450    26.000     1.361    32.825    15.673     4.340     8.898   324.420   326.130     0.00046
 7.4      409.030   251.540    25.000     1.256    30.718    15.807     4.290     8.660   324.490   326.070     0.00042
 7.5      403.480   250.660    26.235     1.240    30.733    15.940     4.469     8.242   324.610   326.180     0.00041
 7.6      397.980   249.820    29.667     1.220    30.655    16.072     4.960     7.886   324.790   326.450     0.00044
 7.7      392.590   249.240    23.818     1.191    30.327    16.201     6.004     7.633   325.290   326.660     0.00034
 7.8      387.240   248.620    18.000     1.196    30.875    16.330     7.290     7.776   325.760   326.840     0.00024
 7.9      381.950   247.930    17.765     1.150    30.109    16.455     8.235     8.897   326.130   327.170     0.00023
 8.0      376.700   247.600     9.823     1.170    31.059    16.582     9.081    10.085   326.980   327.700     0.00013
 8.1      371.590   246.740     9.000     1.171    31.516    16.710     9.451    10.872   327.110   327.780     0.00011
 8.2      366.400   245.850     9.000     1.210    33.024    16.842     9.256    11.031   327.250   327.900     0.00010
 8.3      361.410   245.080     9.000     1.180    32.650    16.972     9.499    11.320   327.500   328.150     0.00009
 8.4      356.360   244.200    10.000     1.180    33.113    17.102     9.523    10.955   327.630   328.290     0.00010
 8.5      351.390   243.500    10.000     1.190    33.865    17.234     9.636    10.701   328.010   328.660     0.00009
 8.6      346.490   242.690    10.000     1.256    36.259    17.373    10.426    10.470   328.220   328.850     0.00009
 8.7      341.690   241.860    10.938     1.279    37.442    17.516    11.320    10.579   328.400   329.050     0.00009
 8.8      336.890   241.090    10.000     1.242    36.877    17.654    11.353    10.587   328.670   329.290     0.00008
 8.9      332.090   240.190    10.000     1.360    40.952    17.807    11.676    10.193   328.790   329.390     0.00007
 9.0      327.370   239.430    11.000     1.433    43.783    17.968    11.979    10.413   329.090   329.710     0.00007
 9.1      322.810   238.590    11.000     1.674    51.864    18.157    12.004    10.808   329.250   329.860     0.00007
 9.2      318.150   237.880    11.000     1.710    53.757    18.351    12.204    10.856   329.630   330.240     0.00007
 9.3      313.620   237.130    11.111     1.402    44.711    18.510    12.458    10.371   329.930   330.530     0.00006
 9.4      309.130   236.390    12.000     1.153    37.289    18.641    13.005     9.848   330.260   330.870     0.00006
 9.5      304.740   235.560    13.000     1.120    36.752    18.769    13.320     9.677   330.440   331.060     0.00006
 9.6      300.350   235.130    15.405     0.982    32.682    18.882    13.221     9.464   331.210   331.860     0.00007
 9.7      296.030   234.320    16.114     0.878    29.650    18.982    13.097     9.171   331.430   332.080     0.00007
 9.8      291.640   233.460    17.971     0.850    29.145    19.080    12.868     9.339   331.620   332.290     0.00008
 9.9      287.440   232.600    18.000     0.850    29.571    19.179    12.618     9.509   331.760   332.420     0.00007
10.0      283.210   231.660    19.636     0.860    30.366    19.279    12.749     9.607   331.830   332.490     0.00007
10.1      279.090   230.710    22.000     0.855    30.645    19.379    12.845    10.035   331.850   332.520     0.00007
10.2      274.920   229.930    21.000     0.831    30.210    19.476    13.031     9.801   332.150   332.810     0.00006
10.3      270.920   229.230    22.000     0.867    32.011    19.578    13.836     9.430   332.530   333.190     0.00006
10.4      266.900   228.320    27.333     0.857    32.097    19.679    14.369     9.332   332.610   333.310     0.00007
10.5      262.940   227.560    28.027     0.840    31.946    19.778    14.582     9.121   332.920   333.610     0.00007
10.6      259.010   226.620    29.778     0.822    31.745    19.876    14.372     8.636   332.970   333.660     0.00007
10.7      255.110   225.820    29.000     0.870    34.104    19.980    14.116     8.150   333.240   333.920     0.00006
10.8      251.290   224.970    30.205     0.882    35.101    20.085    14.873     7.770   333.410   334.080     0.00006
10.9      247.470   224.340    33.415     0.907    36.654    20.194    16.558     7.471   333.930   334.620     0.00006
11.0      243.780   223.700    37.150     0.910    37.330    20.304    18.408     7.755   334.420   335.130     0.00006
11.1      240.040   223.000    41.514     0.928    38.642    20.416    19.496     7.877   334.830   335.560     0.00007
11.2      236.420   222.350    45.316     0.920    38.914    20.527    20.246     7.232   335.300   336.040     0.00007
11.3      232.800   221.550    30.000     0.840    36.082    20.629    20.543     6.675   335.570   336.220     0.00004
11.4      229.210   220.740    26.316     0.851    37.107    20.733    21.331     6.521   335.830   336.460     0.00003
11.5      225.700   220.120    36.000     0.837    37.070    20.835    22.704     6.795   336.350   337.020     0.00004
11.6      222.210   219.600    39.162     0.873    39.299    20.942    23.982     6.877   337.060   337.740     0.00005
11.7      218.800   218.870    40.000     0.937    42.809    21.057    24.613     6.633   337.410   338.100     0.00004
11.8      215.400   217.990    43.538     1.071    49.711    21.190    25.101     5.546   337.560   338.250     0.00004
11.9      212.010   217.200    45.474     1.098    51.810    21.326    26.034     4.049   337.870   338.560     0.00004
12.0      208.710   216.410    52.676     1.072    51.345    21.459    27.359     2.953   338.150   338.860     0.00004
12.1      205.470   215.730    56.611     1.034    50.319    21.588    29.078     2.544   338.580   339.300     0.00004
12.2      202.250   215.280    54.300     1.020    50.434    21.716    30.570     2.864   339.400   340.110     0.00004
12.3      199.010   215.430    41.756     1.161    58.363    21.861    30.750     4.629   341.200   341.890     0.00003
12.4      195.880   215.300    25.583     1.369    69.884    22.032    30.039     6.096   342.550   343.190     0.00002
12.5      192.800   215.450    18.459     1.481    76.804    22.217    30.286     6.437   344.330   344.960     0.00002
12.6      189.800   215.350    14.000     1.540    81.138    22.410    31.496     6.695   345.710   346.340     0.00001
12.7      186.800   215.150    14.000     1.543    82.587    22.603    34.203     6.812   346.960   347.600     0.00001
12.8      183.860   215.440    13.000     1.543    83.943    22.796    37.630     7.006   349.000   349.650     0.00001
12.9      180.990   215.780    10.889     1.620    89.508    22.998    40.771     7.189   351.130   351.780     0.00001
13.0      178.130   215.750     8.028     1.600    89.839    23.198    42.398     8.241   352.680   353.330     0.00001
13.1      175.340   215.300     8.000     1.582    90.248    23.396    43.110     9.761   353.520   354.170     0.00001
13.2      172.550   214.620     8.000     1.580    91.566    23.594    42.897    11.052   354.010   354.670     0.00001
13.3      169.830   214.000     8.000     1.610    94.799    23.796    41.928    12.952   354.600   355.260     0.00001
13.4      167.110   213.370     8.000     1.564    93.617    23.994    40.842    14.775   355.190   355.860     0.00001
13.5      164.490   212.740     8.000     1.554    94.494    24.191    39.526    15.969   355.730   356.400     0.00001
13.6      161.880   212.080     8.000     1.518    93.761    24.383    37.821    16.054   356.260   356.940     0.00001
13.7      159.290   211.310     8.000     1.510    94.796    24.576    36.443    16.830   356.600   357.280     0.00000
13.8      156.660   210.420     8.436     1.523    97.219    24.771    36.020    16.796   356.770   357.460     0.00000
13.9      154.130   209.430     9.077     1.632   105.900    24.980    35.848    17.484   356.740   357.440     0.00000
14.0      151.730   208.780    10.000     2.095   138.110    25.251    34.682    18.111   357.230   357.940     0.00000
14.1      149.220   208.200    11.000     2.467   165.360    25.570    33.891    18.925   357.930   358.640     0.00000
14.2      146.770   207.590    11.000     2.422   165.010    25.884    32.878    19.755   358.570   359.290     0.00000
14.3      144.430   207.270    11.000     2.526   174.920    26.212    31.802    19.872   359.680   360.400     0.00000
14.4      142.070   207.050    11.000     2.247   158.150    26.504    29.328    18.326   360.980   361.710     0.00000
14.5      139.690   207.040    10.000     2.144   153.510    26.783    27.611    16.518   362.700   363.450     0.00000
14.6      137.420   207.570     9.581     2.029   147.650    27.046    26.311    14.338   365.320   366.070     0.00000
14.7      135.170   206.800     9.000     1.929   142.670    27.298    26.332    12.696   365.680   366.440     0.00000
14.8      132.930   206.040     9.000     1.810   136.160    27.534    26.867    10.971   366.070   366.840     0.00000
14.9      130.820   205.260     9.000     1.770   135.340    27.766    28.193     8.644   366.360   367.130     0.00000
15.0      128.580   205.160     9.000     1.722   133.930    27.992    29.106     7.584   367.990   368.770     0.00000
15.1      126.510   206.860     8.000     1.667   131.740    28.209    30.249     6.984   372.760   373.560     0.00000
15.2      124.450   206.870     7.184     1.652   132.730    28.424    31.372     7.716   374.520   375.330     0.00000
15.3      122.410   207.280     6.674     1.604   131.020    28.633    32.592     9.548   377.040   377.860     0.00000
15.4      120.410   207.080     6.000     1.512   125.540    28.829    32.877    11.867   378.450   379.280     0.00000
15.5     9000.000  9000.000  9000.000  9000.000  9000.000  9000.000  9000.000  9000.000  9000.000  9000.000  9000.00000
15.6     9000.000  9000.000  9000.000  9000.000  9000.000  9000.000  9000.000  9000.000  9000.000  9000.000  9000.00000
15.7     9000.000  9000.000  9000.000  9000.000  9000.000  9000.000  9000.000  9000.000  9000.000  9000.000  9000.00000
15.8     9000.000  9000.000  9000.000  9000.000  9000.000  9000.000  9000.000  9000.000  9000.000  9000.000  9000.00000
15.9     9000.000  9000.000  9000.000  9000.000  9000.000  9000.000  9000.000  9000.000  9000.000  9000.000  9000.00000
16.0     9000.000  9000.000  9000.000  9000.000  9000.000  9000.000  9000.000  9000.000  9000.000  9000.000  9000.00000
16.1     9000.000  9000.000  9000.000  9000.000  9000.000  9000.000  9000.000  9000.000  9000.000  9000.000  9000.00000
16.2     9000.000  9000.000  9000.000  9000.000  9000.000  9000.000  9000.000  9000.000  9000.000  9000.000  9000.00000
16.3     9000.000  9000.000  9000.000  9000.000  9000.000  9000.000  9000.000  9000.000  9000.000  9000.000  9000.00000
16.4     9000.000  9000.000  9000.000  9000.000  9000.000  9000.000  9000.000  9000.000  9000.000  9000.000  9000.00000
16.5     9000.000  9000.000  9000.000  9000.000  9000.000  9000.000  9000.000  9000.000  9000.000  9000.000  9000.00000
16.6     9000.000  9000.000  9000.000  9000.000  9000.000  9000.000  9000.000  9000.000  9000.000  9000.000  9000.00000
16.7     9000.000  9000.000  9000.000  9000.000  9000.000  9000.000  9000.000  9000.000  9000.000  9000.000  9000.00000
16.8     9000.000  9000.000  9000.000  9000.000  9000.000  9000.000  9000.000  9000.000  9000.000  9000.000  9000.00000
16.9     9000.000  9000.000  9000.000  9000.000  9000.000  9000.000  9000.000  9000.000  9000.000  9000.000  9000.00000
17.0     9000.000  9000.000  9000.000  9000.000  9000.000  9000.000  9000.000  9000.000  9000.000  9000.000  9000.00000
17.1     9000.000  9000.000  9000.000  9000.000  9000.000  9000.000  9000.000  9000.000  9000.000  9000.000  9000.00000
17.2     9000.000  9000.000  9000.000  9000.000  9000.000  9000.000  9000.000  9000.000  9000.000  9000.000  9000.00000
17.3     9000.000  9000.000  9000.000  9000.000  9000.000  9000.000  9000.000  9000.000  9000.000  9000.000  9000.00000
17.4     9000.000  9000.000  9000.000  9000.000  9000.000  9000.000  9000.000  9000.000  9000.000  9000.000  9000.00000
17.5     9000.000  9000.000  9000.000  9000.000  9000.000  9000.000  9000.000  9000.000  9000.000  9000.000  9000.00000
17.6     9000.000  9000.000  9000.000  9000.000  9000.000  9000.000  9000.000  9000.000  9000.000  9000.000  9000.00000
17.7     9000.000  9000.000  9000.000  9000.000  9000.000  9000.000  9000.000  9000.000  9000.000  9000.000  9000.00000
17.8     9000.000  9000.000  9000.000  9000.000  9000.000  9000.000  9000.000  9000.000  9000.000  9000.000  9000.00000
17.9     9000.000  9000.000  9000.000  9000.000  9000.000  9000.000  9000.000  9000.000  9000.000  9000.000  9000.00000
18.0     9000.000  9000.000  9000.000  9000.000  9000.000  9000.000  9000.000  9000.000  9000.000  9000.000  9000.00000
18.1     9000.000  9000.000  9000.000  9000.000  9000.000  9000.000  9000.000  9000.000  9000.000  9000.000  9000.00000
18.2     9000.000  9000.000  9000.000  9000.000  9000.000  9000.000  9000.000  9000.000  9000.000  9000.000  9000.00000
18.3     9000.000  9000.000  9000.000  9000.000  9000.000  9000.000  9000.000  9000.000  9000.000  9000.000  9000.00000
18.4     9000.000  9000.000  9000.000  9000.000  9000.000  9000.000  9000.000  9000.000  9000.000  9000.000  9000.00000
18.5     9000.000  9000.000  9000.000  9000.000  9000.000  9000.000  9000.000  9000.000  9000.000  9000.000  9000.00000
18.6     9000.000  9000.000  9000.000  9000.000  9000.000  9000.000  9000.000  9000.000  9000.000  9000.000  9000.00000
18.7     9000.000  9000.000  9000.000  9000.000  9000.000  9000.000  9000.000  9000.000  9000.000  9000.000  9000.00000
18.8     9000.000  9000.000  9000.000  9000.000  9000.000  9000.000  9000.000  9000.000  9000.000  9000.000  9000.00000
18.9     9000.000  9000.000  9000.000  9000.000  9000.000  9000.000  9000.000  9000.000  9000.000  9000.000  9000.00000
19.0     9000.000  9000.000  9000.000  9000.000  9000.000  9000.000  9000.000  9000.000  9000.000  9000.000  9000.00000
19.1     9000.000  9000.000  9000.000  9000.000  9000.000  9000.000  9000.000  9000.000  9000.000  9000.000  9000.00000
19.2     9000.000  9000.000  9000.000  9000.000  9000.000  9000.000  9000.000  9000.000  9000.000  9000.000  9000.00000
19.3     9000.000  9000.000  9000.000  9000.000  9000.000  9000.000  9000.000  9000.000  9000.000  9000.000  9000.00000
19.4     9000.000  9000.000  9000.000  9000.000  9000.000  9000.000  9000.000  9000.000  9000.000  9000.000  9000.00000
19.5     9000.000  9000.000  9000.000  9000.000  9000.000  9000.000  9000.000  9000.000  9000.000  9000.000  9000.00000
19.6     9000.000  9000.000  9000.000  9000.000  9000.000  9000.000  9000.000  9000.000  9000.000  9000.000  9000.00000
19.7     9000.000  9000.000  9000.000  9000.000  9000.000  9000.000  9000.000  9000.000  9000.000  9000.000  9000.00000
19.8     9000.000  9000.000  9000.000  9000.000  9000.000  9000.000  9000.000  9000.000  9000.000  9000.000  9000.00000
19.9     9000.000  9000.000  9000.000  9000.000  9000.000  9000.000  9000.000  9000.000  9000.000  9000.000  9000.00000
20.0     9000.000  9000.000  9000.000  9000.000  9000.000  9000.000  9000.000  9000.000  9000.000  9000.000  9000.00000
20.1     9000.000  9000.000  9000.000  9000.000  9000.000  9000.000  9000.000  9000.000  9000.000  9000.000  9000.00000
20.2     9000.000  9000.000  9000.000  9000.000  9000.000  9000.000  9000.000  9000.000  9000.000  9000.000  9000.00000
20.3     9000.000  9000.000  9000.000  9000.000  9000.000  9000.000  9000.000  9000.000  9000.000  9000.000  9000.00000
20.4     9000.000  9000.000  9000.000  9000.000  9000.000  9000.000  9000.000  9000.000  9000.000  9000.000  9000.00000
20.5     9000.000  9000.000  9000.000  9000.000  9000.000  9000.000  9000.000  9000.000  9000.000  9000.000  9000.00000
20.6     9000.000  9000.000  9000.000  9000.000  9000.000  9000.000  9000.000  9000.000  9000.000  9000.000  9000.00000
20.7     9000.000  9000.000  9000.000  9000.000  9000.000  9000.000  9000.000  9000.000  9000.000  9000.000  9000.00000
20.8     9000.000  9000.000  9000.000  9000.000  9000.000  9000.000  9000.000  9000.000  9000.000  9000.000  9000.00000
20.9     9000.000  9000.000  9000.000  9000.000  9000.000  9000.000  9000.000  9000.000  9000.000  9000.000  9000.00000
21.0     9000.000  9000.000  9000.000  9000.000  9000.000  9000.000  9000.000  9000.000  9000.000  9000.000  9000.00000
21.1     9000.000  9000.000  9000.000  9000.000  9000.000  9000.000  9000.000  9000.000  9000.000  9000.000  9000.00000
21.2     9000.000  9000.000  9000.000  9000.000  9000.000  9000.000  9000.000  9000.000  9000.000  9000.000  9000.00000
21.3     9000.000  9000.000  9000.000  9000.000  9000.000  9000.000  9000.000  9000.000  9000.000  9000.000  9000.00000
21.4     9000.000  9000.000  9000.000  9000.000  9000.000  9000.000  9000.000  9000.000  9000.000  9000.000  9000.00000
21.5     9000.000  9000.000  9000.000  9000.000  9000.000  9000.000  9000.000  9000.000  9000.000  9000.000  9000.00000
21.6     9000.000  9000.000  9000.000  9000.000  9000.000  9000.000  9000.000  9000.000  9000.000  9000.000  9000.00000
21.7     9000.000  9000.000  9000.000  9000.000  9000.000  9000.000  9000.000  9000.000  9000.000  9000.000  9000.00000
21.8     9000.000  9000.000  9000.000  9000.000  9000.000  9000.000  9000.000  9000.000  9000.000  9000.000  9000.00000
21.9     9000.000  9000.000  9000.000  9000.000  9000.000  9000.000  9000.000  9000.000  9000.000  9000.000  9000.00000
22.0     9000.000  9000.000  9000.000  9000.000  9000.000  9000.000  9000.000  9000.000  9000.000  9000.000  9000.00000
22.1     9000.000  9000.000  9000.000  9000.000  9000.000  9000.000  9000.000  9000.000  9000.000  9000.000  9000.00000
22.2     9000.000  9000.000  9000.000  9000.000  9000.000  9000.000  9000.000  9000.000  9000.000  9000.000  9000.00000
22.3     9000.000  9000.000  9000.000  9000.000  9000.000  9000.000  9000.000  9000.000  9000.000  9000.000  9000.00000
22.4     9000.000  9000.000  9000.000  9000.000  9000.000  9000.000  9000.000  9000.000  9000.000  9000.000  9000.00000
22.5     9000.000  9000.000  9000.000  9000.000  9000.000  9000.000  9000.000  9000.000  9000.000  9000.000  9000.00000
22.6     9000.000  9000.000  9000.000  9000.000  9000.000  9000.000  9000.000  9000.000  9000.000  9000.000  9000.00000
22.7     9000.000  9000.000  9000.000  9000.000  9000.000  9000.000  9000.000  9000.000  9000.000  9000.000  9000.00000
22.8     9000.000  9000.000  9000.000  9000.000  9000.000  9000.000  9000.000  9000.000  9000.000  9000.000  9000.00000
22.9     9000.000  9000.000  9000.000  9000.000  9000.000  9000.000  9000.000  9000.000  9000.000  9000.000  9000.00000
23.0     9000.000  9000.000  9000.000  9000.000  9000.000  9000.000  9000.000  9000.000  9000.000  9000.000  9000.00000
23.1     9000.000  9000.000  9000.000  9000.000  9000.000  9000.000  9000.000  9000.000  9000.000  9000.000  9000.00000
23.2     9000.000  9000.000  9000.000  9000.000  9000.000  9000.000  9000.000  9000.000  9000.000  9000.000  9000.00000
23.3     9000.000  9000.000  9000.000  9000.000  9000.000  9000.000  9000.000  9000.000  9000.000  9000.000  9000.00000
23.4     9000.000  9000.000  9000.000  9000.000  9000.000  9000.000  9000.000  9000.000  9000.000  9000.000  9000.00000
23.5     9000.000  9000.000  9000.000  9000.000  9000.000  9000.000  9000.000  9000.000  9000.000  9000.000  9000.00000
23.6     9000.000  9000.000  9000.000  9000.000  9000.000  9000.000  9000.000  9000.000  9000.000  9000.000  9000.00000
23.7     9000.000  9000.000  9000.000  9000.000  9000.000  9000.000  9000.000  9000.000  9000.000  9000.000  9000.00000
23.8     9000.000  9000.000  9000.000  9000.000  9000.000  9000.000  9000.000  9000.000  9000.000  9000.000  9000.00000
23.9     9000.000  9000.000  9000.000  9000.000  9000.000  9000.000  9000.000  9000.000  9000.000  9000.000  9000.00000
24.0     9000.000  9000.000  9000.000  9000.000  9000.000  9000.000  9000.000  9000.000  9000.000  9000.000  9000.00000
24.1     9000.000  9000.000  9000.000  9000.000  9000.000  9000.000  9000.000  9000.000  9000.000  9000.000  9000.00000
24.2     9000.000  9000.000  9000.000  9000.000  9000.000  9000.000  9000.000  9000.000  9000.000  9000.000  9000.00000
24.3     9000.000  9000.000  9000.000  9000.000  9000.000  9000.000  9000.000  9000.000  9000.000  9000.000  9000.00000
24.4     9000.000  9000.000  9000.000  9000.000  9000.000  9000.000  9000.000  9000.000  9000.000  9000.000  9000.00000
24.5     9000.000  9000.000  9000.000  9000.000  9000.000  9000.000  9000.000  9000.000  9000.000  9000.000  9000.00000
24.6     9000.000  9000.000  9000.000  9000.000  9000.000  9000.000  9000.000  9000.000  9000.000  9000.000  9000.00000
24.7     9000.000  9000.000  9000.000  9000.000  9000.000  9000.000  9000.000  9000.000  9000.000  9000.000  9000.00000
24.8     9000.000  9000.000  9000.000  9000.000  9000.000  9000.000  9000.000  9000.000  9000.000  9000.000  9000.00000
24.9     9000.000  9000.000  9000.000  9000.000  9000.000  9000.000  9000.000  9000.000  9000.000  9000.000  9000.00000
25.0     9000.000  9000.000  9000.000  9000.000  9000.000  9000.000  9000.000  9000.000  9000.000  9000.000  9000.00000
25.1     9000.000  9000.000  9000.000  9000.000  9000.000  9000.000  9000.000  9000.000  9000.000  9000.000  9000.00000
25.2     9000.000  9000.000  9000.000  9000.000  9000.000  9000.000  9000.000  9000.000  9000.000  9000.000  9000.00000
25.3     9000.000  9000.000  9000.000  9000.000  9000.000  9000.000  9000.000  9000.000  9000.000  9000.000  9000.00000
25.4     9000.000  9000.000  9000.000  9000.000  9000.000  9000.000  9000.000  9000.000  9000.000  9000.000  9000.00000
25.5     9000.000  9000.000  9000.000  9000.000  9000.000  9000.000  9000.000  9000.000  9000.000  9000.000  9000.00000
25.6     9000.000  9000.000  9000.000  9000.000  9000.000  9000.000  9000.000  9000.000  9000.000  9000.000  9000.00000
25.7     9000.000  9000.000  9000.000  9000.000  9000.000  9000.000  9000.000  9000.000  9000.000  9000.000  9000.00000
25.8     9000.000  9000.000  9000.000  9000.000  9000.000  9000.000  9000.000  9000.000  9000.000  9000.000  9000.00000
25.9     9000.000  9000.000  9000.000  9000.000  9000.000  9000.000  9000.000  9000.000  9000.000  9000.000  9000.00000
26.0     9000.000  9000.000  9000.000  9000.000  9000.000  9000.000  9000.000  9000.000  9000.000  9000.000  9000.00000
26.1     9000.000  9000.000  9000.000  9000.000  9000.000  9000.000  9000.000  9000.000  9000.000  9000.000  9000.00000
26.2     9000.000  9000.000  9000.000  9000.000  9000.000  9000.000  9000.000  9000.000  9000.000  9000.000  9000.00000
26.3     9000.000  9000.000  9000.000  9000.000  9000.000  9000.000  9000.000  9000.000  9000.000  9000.000  9000.00000
26.4     9000.000  9000.000  9000.000  9000.000  9000.000  9000.000  9000.000  9000.000  9000.000  9000.000  9000.00000
26.5     9000.000  9000.000  9000.000  9000.000  9000.000  9000.000  9000.000  9000.000  9000.000  9000.000  9000.00000
26.6     9000.000  9000.000  9000.000  9000.000  9000.000  9000.000  9000.000  9000.000  9000.000  9000.000  9000.00000
26.7     9000.000  9000.000  9000.000  9000.000  9000.000  9000.000  9000.000  9000.000  9000.000  9000.000  9000.00000
26.8     9000.000  9000.000  9000.000  9000.000  9000.000  9000.000  9000.000  9000.000  9000.000  9000.000  9000.00000
26.9     9000.000  9000.000  9000.000  9000.000  9000.000  9000.000  9000.000  9000.000  9000.000  9000.000  9000.00000
27.0     9000.000  9000.000  9000.000  9000.000  9000.000  9000.000  9000.000  9000.000  9000.000  9000.000  9000.00000
27.1     9000.000  9000.000  9000.000  9000.000  9000.000  9000.000  9000.000  9000.000  9000.000  9000.000  9000.00000
27.2     9000.000  9000.000  9000.000  9000.000  9000.000  9000.000  9000.000  9000.000  9000.000  9000.000  9000.00000
27.3     9000.000  9000.000  9000.000  9000.000  9000.000  9000.000  9000.000  9000.000  9000.000  9000.000  9000.00000
27.4     9000.000  9000.000  9000.000  9000.000  9000.000  9000.000  9000.000  9000.000  9000.000  9000.000  9000.00000
27.5     9000.000  9000.000  9000.000  9000.000  9000.000  9000.000  9000.000  9000.000  9000.000  9000.000  9000.00000
27.6     9000.000  9000.000  9000.000  9000.000  9000.000  9000.000  9000.000  9000.000  9000.000  9000.000  9000.00000
27.7     9000.000  9000.000  9000.000  9000.000  9000.000  9000.000  9000.000  9000.000  9000.000  9000.000  9000.00000
27.8     9000.000  9000.000  9000.000  9000.000  9000.000  9000.000  9000.000  9000.000  9000.000  9000.000  9000.00000
27.9     9000.000  9000.000  9000.000  9000.000  9000.000  9000.000  9000.000  9000.000  9000.000  9000.000  9000.00000
28.0     9000.000  9000.000  9000.000  9000.000  9000.000  9000.000  9000.000  9000.000  9000.000  9000.000  9000.00000
28.1     9000.000  9000.000  9000.000  9000.000  9000.000  9000.000  9000.000  9000.000  9000.000  9000.000  9000.00000
28.2     9000.000  9000.000  9000.000  9000.000  9000.000  9000.000  9000.000  9000.000  9000.000  9000.000  9000.00000
28.3     9000.000  9000.000  9000.000  9000.000  9000.000  9000.000  9000.000  9000.000  9000.000  9000.000  9000.00000
28.4     9000.000  9000.000  9000.000  9000.000  9000.000  9000.000  9000.000  9000.000  9000.000  9000.000  9000.00000
28.5     9000.000  9000.000  9000.000  9000.000  9000.000  9000.000  9000.000  9000.000  9000.000  9000.000  9000.00000
28.6     9000.000  9000.000  9000.000  9000.000  9000.000  9000.000  9000.000  9000.000  9000.000  9000.000  9000.00000
28.7     9000.000  9000.000  9000.000  9000.000  9000.000  9000.000  9000.000  9000.000  9000.000  9000.000  9000.00000
28.8     9000.000  9000.000  9000.000  9000.000  9000.000  9000.000  9000.000  9000.000  9000.000  9000.000  9000.00000
28.9     9000.000  9000.000  9000.000  9000.000  9000.000  9000.000  9000.000  9000.000  9000.000  9000.000  9000.00000
29.0     9000.000  9000.000  9000.000  9000.000  9000.000  9000.000  9000.000  9000.000  9000.000  9000.000  9000.00000
29.1     9000.000  9000.000  9000.000  9000.000  9000.000  9000.000  9000.000  9000.000  9000.000  9000.000  9000.00000
29.2     9000.000  9000.000  9000.000  9000.000  9000.000  9000.000  9000.000  9000.000  9000.000  9000.000  9000.00000
29.3     9000.000  9000.000  9000.000  9000.000  9000.000  9000.000  9000.000  9000.000  9000.000  9000.000  9000.00000
29.4     9000.000  9000.000  9000.000  9000.000  9000.000  9000.000  9000.000  9000.000  9000.000  9000.000  9000.00000
29.5     9000.000  9000.000  9000.000  9000.000  9000.000  9000.000  9000.000  9000.000  9000.000  9000.000  9000.00000
29.6     9000.000  9000.000  9000.000  9000.000  9000.000  9000.000  9000.000  9000.000  9000.000  9000.000  9000.00000
29.7     9000.000  9000.000  9000.000  9000.000  9000.000  9000.000  9000.000  9000.000  9000.000  9000.000  9000.00000
29.8     9000.000  9000.000  9000.000  9000.000  9000.000  9000.000  9000.000  9000.000  9000.000  9000.000  9000.00000
29.9     9000.000  9000.000  9000.000  9000.000  9000.000  9000.000  9000.000  9000.000  9000.000  9000.000  9000.00000
30.0     9000.000  9000.000  9000.000  9000.000  9000.000  9000.000  9000.000  9000.000  9000.000  9000.000  9000.00000
30.1     9000.000  9000.000  9000.000  9000.000  9000.000  9000.000  9000.000  9000.000  9000.000  9000.000  9000.00000
30.2     9000.000  9000.000  9000.000  9000.000  9000.000  9000.000  9000.000  9000.000  9000.000  9000.000  9000.00000
30.3     9000.000  9000.000  9000.000  9000.000  9000.000  9000.000  9000.000  9000.000  9000.000  9000.000  9000.00000
30.4     9000.000  9000.000  9000.000  9000.000  9000.000  9000.000  9000.000  9000.000  9000.000  9000.000  9000.00000
30.5     9000.000  9000.000  9000.000  9000.000  9000.000  9000.000  9000.000  9000.000  9000.000  9000.000  9000.00000
30.6     9000.000  9000.000  9000.000  9000.000  9000.000  9000.000  9000.000  9000.000  9000.000  9000.000  9000.00000
30.7     9000.000  9000.000  9000.000  9000.000  9000.000  9000.000  9000.000  9000.000  9000.000  9000.000  9000.00000
30.8     9000.000  9000.000  9000.000  9000.000  9000.000  9000.000  9000.000  9000.000  9000.000  9000.000  9000.00000
30.9     9000.000  9000.000  9000.000  9000.000  9000.000  9000.000  9000.000  9000.000  9000.000  9000.000  9000.00000
31.0     9000.000  9000.000  9000.000  9000.000  9000.000  9000.000  9000.000  9000.000  9000.000  9000.000  9000.00000
31.1     9000.000  9000.000  9000.000  9000.000  9000.000  9000.000  9000.000  9000.000  9000.000  9000.000  9000.00000
31.2     9000.000  9000.000  9000.000  9000.000  9000.000  9000.000  9000.000  9000.000  9000.000  9000.000  9000.00000
31.3     9000.000  9000.000  9000.000  9000.000  9000.000  9000.000  9000.000  9000.000  9000.000  9000.000  9000.00000
31.4     9000.000  9000.000  9000.000  9000.000  9000.000  9000.000  9000.000  9000.000  9000.000  9000.000  9000.00000
31.5     9000.000  9000.000  9000.000  9000.000  9000.000  9000.000  9000.000  9000.000  9000.000  9000.000  9000.00000
31.6     9000.000  9000.000  9000.000  9000.000  9000.000  9000.000  9000.000  9000.000  9000.000  9000.000  9000.00000
31.7     9000.000  9000.000  9000.000  9000.000  9000.000  9000.000  9000.000  9000.000  9000.000  9000.000  9000.00000
31.8     9000.000  9000.000  9000.000  9000.000  9000.000  9000.000  9000.000  9000.000  9000.000  9000.000  9000.00000
31.9     9000.000  9000.000  9000.000  9000.000  9000.000  9000.000  9000.000  9000.000  9000.000  9000.000  9000.00000
32.0     9000.000  9000.000  9000.000  9000.000  9000.000  9000.000  9000.000  9000.000  9000.000  9000.000  9000.00000
32.1     9000.000  9000.000  9000.000  9000.000  9000.000  9000.000  9000.000  9000.000  9000.000  9000.000  9000.00000
32.2     9000.000  9000.000  9000.000  9000.000  9000.000  9000.000  9000.000  9000.000  9000.000  9000.000  9000.00000
32.3     9000.000  9000.000  9000.000  9000.000  9000.000  9000.000  9000.000  9000.000  9000.000  9000.000  9000.00000
32.4     9000.000  9000.000  9000.000  9000.000  9000.000  9000.000  9000.000  9000.000  9000.000  9000.000  9000.00000
32.5     9000.000  9000.000  9000.000  9000.000  9000.000  9000.000  9000.000  9000.000  9000.000  9000.000  9000.00000
32.6     9000.000  9000.000  9000.000  9000.000  9000.000  9000.000  9000.000  9000.000  9000.000  9000.000  9000.00000
32.7     9000.000  9000.000  9000.000  9000.000  9000.000  9000.000  9000.000  9000.000  9000.000  9000.000  9000.00000
32.8     9000.000  9000.000  9000.000  9000.000  9000.000  9000.000  9000.000  9000.000  9000.000  9000.000  9000.00000
32.9     9000.000  9000.000  9000.000  9000.000  9000.000  9000.000  9000.000  9000.000  9000.000  9000.000  9000.00000
33.0     9000.000  9000.000  9000.000  9000.000  9000.000  9000.000  9000.000  9000.000  9000.000  9000.000  9000.00000
33.1     9000.000  9000.000  9000.000  9000.000  9000.000  9000.000  9000.000  9000.000  9000.000  9000.000  9000.00000
33.2     9000.000  9000.000  9000.000  9000.000  9000.000  9000.000  9000.000  9000.000  9000.000  9000.000  9000.00000
33.3     9000.000  9000.000  9000.000  9000.000  9000.000  9000.000  9000.000  9000.000  9000.000  9000.000  9000.00000
33.4     9000.000  9000.000  9000.000  9000.000  9000.000  9000.000  9000.000  9000.000  9000.000  9000.000  9000.00000
33.5     9000.000  9000.000  9000.000  9000.000  9000.000  9000.000  9000.000  9000.000  9000.000  9000.000  9000.00000
33.6     9000.000  9000.000  9000.000  9000.000  9000.000  9000.000  9000.000  9000.000  9000.000  9000.000  9000.00000
33.7     9000.000  9000.000  9000.000  9000.000  9000.000  9000.000  9000.000  9000.000  9000.000  9000.000  9000.00000
33.8     9000.000  9000.000  9000.000  9000.000  9000.000  9000.000  9000.000  9000.000  9000.000  9000.000  9000.00000
33.9     9000.000  9000.000  9000.000  9000.000  9000.000  9000.000  9000.000  9000.000  9000.000  9000.000  9000.00000
34.0     9000.000  9000.000  9000.000  9000.000  9000.000  9000.000  9000.000  9000.000  9000.000  9000.000  9000.00000
34.1     9000.000  9000.000  9000.000  9000.000  9000.000  9000.000  9000.000  9000.000  9000.000  9000.000  9000.00000
34.2     9000.000  9000.000  9000.000  9000.000  9000.000  9000.000  9000.000  9000.000  9000.000  9000.000  9000.00000
34.3     9000.000  9000.000  9000.000  9000.000  9000.000  9000.000  9000.000  9000.000  9000.000  9000.000  9000.00000
34.4     9000.000  9000.000  9000.000  9000.000  9000.000  9000.000  9000.000  9000.000  9000.000  9000.000  9000.00000
34.5     9000.000  9000.000  9000.000  9000.000  9000.000  9000.000  9000.000  9000.000  9000.000  9000.000  9000.00000
34.6     9000.000  9000.000  9000.000  9000.000  9000.000  9000.000  9000.000  9000.000  9000.000  9000.000  9000.00000
34.7     9000.000  9000.000  9000.000  9000.000  9000.000  9000.000  9000.000  9000.000  9000.000  9000.000  9000.00000
34.8     9000.000  9000.000  9000.000  9000.000  9000.000  9000.000  9000.000  9000.000  9000.000  9000.000  9000.00000
34.9     9000.000  9000.000  9000.000  9000.000  9000.000  9000.000  9000.000  9000.000  9000.000  9000.000  9000.00000
35.0     9000.000  9000.000  9000.000  9000.000  9000.000  9000.000  9000.000  9000.000  9000.000  9000.000  9000.00000