CR2/DMC Archive                  : http://www.cr2.cl/recursos-y-publicaciones/datos-ozonosonda/
STATION                          : Easter Island, Chile
Data Provider                    : DMC Dirección Meteorológica de Chile, GAW Program
Data Compilation                 : 26 July, 2016, by CR2 Center for Climate and Resilience Research, data interpolated every 100m
Latitude (deg)                   : -27.16
Longitude (deg)                  : -109.43
Elevation (m)                    : 41.0
Launch Date                      : 20080418 
Launch Time (UT)                 : 
Highest level reached (hPa)      : 14.023
Integrated O3 until EOF (DU)     : 168.176
Sonde/Sage Climatology(1988-2002): 
Sonde Instrument, SN             : SPC 6A 
Radiosonde, SN                   : Vaisala, OS815N
Solution                         : 1.0% buffered
Applied pump corrections         : 
Pump flow rate (sec/100ml)       : 9000
Background current (uA)          : 9000
Missing or bad values            : 9000
Alt       Press     Temp      RH        O3        O3        O3        u         v         Theta     Theta e   Q         
km        hPa       K         %         mPa       ppbv      DU        m/s       m/s       K         K         g/kg      
 0.0     9000.000  9000.000  9000.000  9000.000  9000.000  9000.000  9000.000  9000.000  9000.000  9000.000  9000.00000
 0.1     9000.000  9000.000  9000.000  9000.000  9000.000  9000.000  9000.000  9000.000  9000.000  9000.000  9000.00000
 0.2     9000.000  9000.000  9000.000  9000.000  9000.000  9000.000  9000.000  9000.000  9000.000  9000.000  9000.00000
 0.3      979.280   294.770    82.704     1.430    14.603     0.131     8.454    -6.508   296.530   329.980     0.01391
 0.4      968.070   293.810    85.368     1.450    14.978     0.264     8.499    -6.405   296.540   329.540     0.01367
 0.5      956.960   292.930    88.000     1.468    15.336     0.398     8.900    -6.954   296.630   329.300     0.01349
 0.6      945.940   292.010    87.815     1.470    15.540     0.534     9.636    -7.528   296.670   327.900     0.01285
 0.7      934.950   291.380    82.421     1.479    15.818     0.671    10.302    -7.542   297.020   325.600     0.01172
 0.8      924.180   290.860    79.000     1.517    16.417     0.811    11.039    -7.317   297.470   324.370     0.01099
 0.9      913.440   290.090    78.473     1.540    16.865     0.954    11.282    -7.327   297.670   323.500     0.01052
 1.0      902.800   289.580    74.333     1.590    17.612     1.102    11.602    -7.534   298.140   322.190     0.00976
 1.1      892.260   289.210    69.808     1.586    17.772     1.250    11.860    -8.058   298.760   321.140     0.00905
 1.2      881.870   288.820    67.667     1.602    18.162     1.399    11.792    -8.206   299.350   320.830     0.00865
 1.3      871.480   288.300    62.542     1.641    18.835     1.552    11.489    -7.333   299.830   319.330     0.00783
 1.4      861.260   287.880    62.250     1.735    20.145     1.714    11.691    -6.750   300.390   319.560     0.00767
 1.5      851.150   287.350    57.479     1.790    21.026     1.882    11.724    -6.498   300.850   318.230     0.00692
 1.6      841.150   286.830    59.000     1.819    21.628     2.053    11.832    -6.705   301.320   318.830     0.00695
 1.7      831.200   286.100    65.041     1.800    21.653     2.222    11.706    -6.621   301.570   320.230     0.00738
 1.8      821.400   285.540    61.878     1.770    21.549     2.389    11.627    -6.445   302.000   319.390     0.00685
 1.9      811.650   285.050    63.020     1.750    21.561     2.555    11.357    -5.785   302.500   319.900     0.00683
 2.0      801.980   284.430    65.000     1.740    21.696     2.719    11.383    -5.164   302.880   320.380     0.00684
 2.1      792.380   283.770    66.528     1.763    22.245     2.887    11.212    -5.105   303.220   320.620     0.00678
 2.2      782.940   283.330    65.455     1.761    22.493     3.054    10.963    -4.629   303.780   320.660     0.00656
 2.3      773.680   282.860    57.151     1.818    23.499     3.227    10.965    -4.865   304.310   318.830     0.00561
 2.4      764.360   282.380    42.885     1.830    23.942     3.401    10.883    -6.438   304.840   315.570     0.00413
 2.5      755.160   282.160    35.250     1.895    25.094     3.582    11.218    -6.741   305.660   314.510     0.00338
 2.6      746.080   281.550    44.796     1.928    25.836     3.767    11.698    -5.889   306.050   316.980     0.00417
 2.7      737.160   280.830    51.778     1.954    26.503     3.954    11.745    -5.624   306.320   318.530     0.00465
 2.8      728.240   280.450    45.547     1.985    27.253     4.145    11.090    -5.770   306.960   317.610     0.00403
 2.9      719.420   280.120    37.481     2.078    28.881     4.344    11.065    -5.883   307.670   316.390     0.00328
 3.0      710.730   279.930    30.839     2.299    32.351     4.565    11.448    -5.833   308.530   315.750     0.00270
 3.1      702.090   279.650    29.019     2.449    34.883     4.801    12.314    -5.751   309.300   316.080     0.00252
 3.2      693.600   279.190    29.000     2.395    34.533     5.032    12.936    -5.794   309.850   316.520     0.00247
 3.3      685.150   278.660    30.617     2.288    33.399     5.253    13.095    -6.280   310.350   317.250     0.00254
 3.4      676.870   277.960    29.571     2.273    33.581     5.474    12.863    -6.926   310.640   317.100     0.00237
 3.5      668.540   278.080    15.880     2.377    35.558     5.704    12.658    -6.730   311.880   315.480     0.00130
 3.6      660.410   278.260    10.000     2.679    40.559     5.963    11.553    -5.858   313.170   315.560     0.00084
 3.7      652.350   278.420    10.000     2.796    42.864     6.233    10.279    -4.603   314.450   316.910     0.00086
 3.8      644.420   278.160    10.000     2.600    40.346     6.485     9.670    -4.684   315.250   317.710     0.00085
 3.9      636.580   277.850     8.518     2.313    36.329     6.709     9.280    -4.233   316.000   318.110     0.00072
 4.0      628.760   277.310     8.000     2.193    34.878     6.922     9.445    -3.813   316.490   318.440     0.00066
 4.1      621.050   276.700     7.000     2.224    35.815     7.139     8.691    -2.570   316.910   318.590     0.00056
 4.2      613.480   276.080     7.000     2.446    39.864     7.377     8.789    -1.895   317.310   318.960     0.00054
 4.3      605.880   275.460     9.000     2.608    43.043     7.632     9.013    -1.649   317.720   319.740     0.00067
 4.4      598.380   274.930     8.614     2.705    45.213     7.897     9.408    -1.424   318.240   320.150     0.00063
 4.5      591.020   274.280     8.000     2.744    46.430     8.166     9.982    -1.785   318.610   320.350     0.00056
 4.6      583.690   273.480     8.000     2.752    47.140     8.437    10.175    -2.149   318.810   320.480     0.00054
 4.7      576.430   272.870     8.000     2.770    48.054     8.711    10.157    -2.608   319.230   320.870     0.00052
 4.8      569.290   272.180     8.571     2.754    48.381     8.983     9.448    -2.709   319.560   321.250     0.00054
 4.9      562.160   271.590     5.210     2.513    44.706     9.232     9.343    -2.466   320.010   321.090     0.00032
 5.0      555.170   270.960     6.000     2.352    42.362     9.466     9.987    -2.490   320.400   321.590     0.00035
 5.1      548.200   270.260     7.000     2.210    40.317     9.686    10.073    -3.534   320.740   322.060     0.00040
 5.2      541.280   269.520     7.574     2.194    40.542     9.905     9.682    -4.024   321.010   322.380     0.00041
 5.3      534.450   268.850     9.500     2.315    43.316    10.137     9.272    -3.746   321.380   323.000     0.00050
 5.4      527.720   268.170    27.192     2.226    42.184    10.361     9.472    -3.376   321.720   325.840     0.00136
 5.5      521.010   267.480    36.080     1.970    37.819    10.559    10.446    -3.729   322.060   327.290     0.00174
 5.6      514.440   267.000    37.000     1.742    33.872    10.735     9.983    -2.910   322.650   327.910     0.00174
 5.7      507.870   266.330    37.000     1.584    31.186    10.895    10.157    -1.732   323.020   328.110     0.00168
 5.8      501.400   265.670    37.000     1.502    29.958    11.047     9.793    -0.020   323.400   328.330     0.00161
 5.9      495.020   265.090    34.696     1.499    30.284    11.199    11.319     0.472   323.870   328.390     0.00146
 6.0      488.640   264.390    34.521     1.515    31.000    11.354    11.969     0.000   324.220   328.560     0.00140
 6.1      482.390   263.760    34.362     1.491    30.906    11.506    13.490    -0.151   324.630   328.820     0.00134
 6.2      476.150   263.160    34.000     1.424    29.900    11.652    13.317    -0.931   325.100   329.130     0.00128
 6.3      470.060   262.570    33.440     1.384    29.451    11.794    14.153    -0.742   325.560   329.430     0.00122
 6.4      463.950   262.080    29.898     1.380    29.745    11.935    16.224     0.193   326.170   329.590     0.00106
 6.5      457.970   261.410    28.077     1.395    30.452    12.079    16.641     1.299   326.540   329.660     0.00096
 6.6      451.950   260.850    24.673     1.377    30.462    12.221    16.652     0.588   327.070   329.780     0.00082
 6.7      446.140   260.380    21.560     1.348    30.210    12.360    16.614    -1.292   327.690   330.050     0.00069
 6.8      440.330   259.830    19.000     1.328    30.168    12.498    17.404    -2.792   328.210   330.280     0.00059
 6.9      434.560   259.190    19.857     1.300    29.916    12.633    17.881    -3.755   328.640   330.730     0.00060
 7.0      428.860   258.310    20.000     1.243    28.986    12.763    17.582    -3.517   328.760   330.760     0.00057
 7.1      423.190   257.420    18.000     1.254    29.622    12.894    16.900    -3.559   328.870   330.630     0.00048
 7.2      417.620   256.460    18.000     1.284    30.739    13.029    16.041    -3.812   328.880   330.550     0.00045
 7.3      412.070   255.480    18.000     1.300    31.548    13.166    16.159    -3.334   328.880   330.460     0.00042
 7.4      406.620   254.520    17.269     1.340    32.955    13.307    16.537    -3.214   328.880   330.340     0.00037
 7.5      401.220   253.590    18.089     1.360    33.896    13.452    16.410    -2.225   328.930   330.370     0.00037
 7.6      395.770   252.590    18.093     1.351    34.134    13.596    17.988    -0.998   328.910   330.280     0.00034
 7.7      390.470   251.670    18.759     1.395    35.731    13.745    18.513    -0.646   328.980   330.330     0.00033
 7.8      385.210   250.860    19.000     1.385    35.967    13.894    18.144    -0.634   329.190   330.500     0.00032
 7.9      379.930   249.950    19.000     1.333    35.098    14.038    18.802    -0.657   329.290   330.550     0.00030
 8.0      374.850   249.080    19.935     1.271    33.915    14.175    19.683    -0.366   329.390   330.640     0.00029
 8.1      369.700   248.220    21.000     1.219    32.980    14.307    19.578     0.899   329.560   330.810     0.00029
 8.2      364.610   247.270    22.000     1.175    32.218    14.435    18.863     1.067   329.590   330.830     0.00028
 8.3      359.680   246.410    23.000     1.150    31.973    14.561    18.481     1.683   329.720   330.950     0.00028
 8.4      354.650   245.690    22.000     1.140    32.134    14.686    19.168     2.353   330.080   331.240     0.00025
 8.5      349.740   244.740    23.000     1.106    31.617    14.807    19.528     2.689   330.110   331.250     0.00024
 8.6      344.880   243.860    23.315     1.090    31.605    14.928    18.672     3.734   330.240   331.350     0.00023
 8.7      340.080   242.850    25.260     1.085    31.899    15.048    18.230     4.385   330.180   331.290     0.00023
 8.8      335.350   242.110    26.240     1.055    31.466    15.165    18.856     4.968   330.490   331.600     0.00023
 8.9      330.630   241.130    27.292     1.031    31.191    15.280    17.511     4.786   330.500   331.580     0.00022
 9.0      325.970   240.290    29.264     0.997    30.597    15.392    17.748     4.755   330.680   331.770     0.00022
 9.1      321.350   239.260    31.154     0.957    29.779    15.500    16.942     4.906   330.600   331.680     0.00021
 9.2      316.780   238.320    32.906     0.927    29.268    15.605    16.788     4.783   330.650   331.720     0.00021
 9.3      312.300   237.850    28.000     0.890    28.498    15.705    17.676     4.736   331.340   332.300     0.00017
 9.4      307.790   237.360    23.082     0.851    27.643    15.802    18.707     6.412   332.030   332.880     0.00014
 9.5      303.460   236.740    25.978     0.830    27.352    15.896    19.147     8.127   332.500   333.400     0.00015
 9.6      299.070   235.930    26.060     0.820    27.419    15.990    18.671     8.731   332.730   333.600     0.00014
 9.7      294.790   235.190    37.319     0.810    27.477    16.083    19.263    10.242   333.060   334.090     0.00018
 9.8      290.490   234.150    43.511     0.807    27.796    16.176    21.008    10.586   332.980   334.060     0.00020
 9.9      286.290   233.270    51.283     0.790    27.595    16.267    21.702    10.332   333.100   334.260     0.00021
10.0      282.140   232.500    55.418     0.786    27.852    16.358    22.516    10.982   333.390   334.560     0.00022
10.1      278.050   231.750    56.000     0.763    27.433    16.446    23.009    11.222   333.710   334.850     0.00021
10.2      273.880   231.030    57.103     0.730    26.654    16.531    22.930    10.692   334.100   335.220     0.00020
10.3      269.900   230.420    59.750     0.730    27.047    16.617    23.134    10.787   334.620   335.740     0.00020
10.4      265.960   229.580    58.567     0.667    25.079    16.695    23.032    10.740   334.780   335.860     0.00018
10.5      262.000   228.710    57.082     0.649    24.778    16.771    22.313    10.921   334.940   335.960     0.00016
10.6      258.100   227.860    59.544     0.632    24.497    16.846    21.081    10.741   335.140   336.140     0.00015
10.7      254.270   227.150    61.000     0.610    23.991    16.918    20.612    10.502   335.510   336.510     0.00015
10.8      250.450   226.550    58.500     0.605    24.157    16.990    20.673    10.306   336.070   337.030     0.00014
10.9      246.680   225.760    58.710     0.611    24.787    17.063    21.115     9.781   336.350   337.290     0.00013
11.0      243.050   224.770    55.407     0.604    24.854    17.136    21.231     9.101   336.300   337.170     0.00011
11.1      239.320   224.000    52.508     0.600    25.071    17.208    20.425     8.052   336.630   337.460     0.00010
11.2      235.720   223.510    48.592     0.590    25.030    17.279    19.777     7.118   337.340   338.140     0.00009
11.3      232.100   222.520    45.055     0.610    26.282    17.353    20.870     6.781   337.330   338.090     0.00007
11.4      228.610   221.520    47.778     0.601    26.294    17.426    21.674     7.042   337.260   338.010     0.00007
11.5      225.040   220.610    47.321     0.597    26.519    17.499    21.074     6.173   337.390   338.130     0.00006
11.6      221.600   219.740    41.556     0.616    27.803    17.574    20.356     5.224   337.540   338.240     0.00005
11.7      218.210   218.860    34.869     0.630    28.872    17.652    20.072     4.634   337.670   338.330     0.00004
11.8      214.770   218.070    32.031     0.630    29.334    17.729    19.991     4.973   337.960   338.610     0.00003
11.9      211.450   217.150    31.607     0.590    27.903    17.803    19.317     5.394   338.040   338.680     0.00003
12.0      208.170   216.260    31.000     0.598    28.713    17.877    18.198     6.184   338.150   338.790     0.00003
12.1      204.870   215.700    32.060     0.610    29.774    17.953    18.137     6.985   338.820   339.460     0.00003
12.2      201.680   214.580    34.057     0.610    30.245    18.030    18.522     7.683   338.570   339.210     0.00002
12.3      198.430   213.560    37.300     0.590    29.733    18.104    18.270     7.013   338.520   339.170     0.00002
12.4      195.290   212.490    40.607     0.590    30.211    18.179    18.131     6.670   338.360   339.000     0.00002
12.5      192.140   211.770    42.000     0.565    29.380    18.251    17.325     7.318   338.780   339.430     0.00002
12.6      189.140   210.930    40.971     0.580    30.650    18.325    16.759     8.550   338.960   339.610     0.00002
12.7      186.100   210.050    38.500     0.565    30.360    18.397    17.252     8.979   339.100   339.740     0.00002
12.8      183.020   209.200    34.700     0.559    30.543    18.469    18.027     8.753   339.340   339.980     0.00001
12.9      180.100   208.440    30.467     0.550    30.539    18.540    18.882     8.498   339.660   340.300     0.00001
13.0      177.150   207.610    29.000     0.584    32.976    18.616    19.857     7.833   339.910   340.540     0.00001
13.1      174.240   206.750    29.000     0.648    37.190    18.700    19.456     7.468   340.090   340.730     0.00001
13.2      171.410   206.090    29.370     0.691    40.320    18.790    19.379     7.584   340.590   341.240     0.00001
13.3      168.560   204.940    31.211     0.700    41.527    18.882    19.626     8.331   340.320   340.960     0.00001
13.4      165.780   204.170    32.948     0.700    42.224    18.975    19.644     8.725   340.640   341.290     0.00001
13.5      163.070   203.850    34.515     0.741    45.416    19.073    19.820     9.667   341.720   342.380     0.00001
13.6      160.300   203.950    35.000     0.810    50.530    19.179    19.780    10.079   343.550   344.220     0.00001
13.7      157.620   203.590    35.589     0.866    54.970    19.294    19.582    10.154   344.590   345.270     0.00001
13.8      155.040   203.040    35.000     0.929    59.890    19.417    19.357    10.292   345.290   345.970     0.00001
13.9      152.400   202.540    35.890     0.983    64.519    19.548    19.141    10.177   346.120   346.810     0.00001
14.0      149.930   202.350    35.000     1.020    68.015    19.684    18.855    10.025   347.420   348.120     0.00001
14.1      147.420   202.510    34.125     1.065    72.240    19.825    18.487     9.830   349.360   350.070     0.00001
14.2      144.910   203.020    32.631     1.115    76.929    19.973    18.167     9.257   351.970   352.690     0.00001
14.3      142.500   203.340    31.063     1.206    84.603    20.133    17.809     8.711   354.200   354.930     0.00001
14.4      140.140   203.080    28.426     1.330    94.917    20.309    17.362     7.887   355.430   356.170     0.00001
14.5      137.810   202.490    26.793     1.428   103.640    20.499    16.886     7.097   356.100   356.840     0.00001
14.6      135.510   201.980    25.085     1.488   109.770    20.697    16.465     6.050   356.900   357.650     0.00000
14.7      133.210   201.290    23.339     1.530   114.850    20.902    15.982     4.491   357.420   358.170     0.00000
14.8      130.950   200.540    22.576     1.564   119.450    21.112    15.880     3.584   357.830   358.590     0.00000
14.9      128.770   199.820    22.000     1.602   124.400    21.328    15.919     1.845   358.270   359.030     0.00000
15.0      126.530   199.410    22.000     1.606   126.940    21.545    16.569     0.464   359.320   360.090     0.00000
15.1      124.410   198.600    22.000     1.574   126.520    21.758    18.029     0.315   359.590   360.360     0.00000
15.2      122.310   198.500    21.152     1.602   131.010    21.975    19.117     0.902   361.160   361.940     0.00000
15.3      120.210   200.890    20.000     1.658   137.950    22.198    18.600     0.865   367.310   368.120     0.00000
15.4      118.210   201.620    19.095     1.784   150.940    22.436    17.556     0.060   370.410   371.230     0.00000
15.5      116.180   201.920    18.345     1.717   147.810    22.665    18.116    -0.633   372.790   373.620     0.00000
15.6      114.260   202.130    16.178     1.698   148.630    22.891    18.387    -0.117   374.960   375.810     0.00000
15.7      112.380   202.650    13.979     1.700   151.290    23.117    17.882    -0.312   377.710   378.560     0.00000
15.8      110.490   203.040    12.878     1.722   155.890    23.346    16.314    -0.889   380.260   381.130     0.00000
15.9      108.610   202.830    11.766     1.730   159.280    23.575    15.342    -1.404   381.720   382.600     0.00000
16.0      106.810   202.810    10.680     1.710   160.130    23.802    14.567    -2.379   383.520   384.410     0.00000
16.1      105.040   202.450     9.741     1.657   157.790    24.023    14.116    -4.187   384.650   385.550     0.00000
16.2      103.240   201.690     9.000     1.596   154.590    24.236    14.074    -4.516   385.110   386.010     0.00000
16.3      101.500   201.150     9.000     1.568   154.430    24.446    14.981    -4.156   385.930   386.840     0.00000
16.4       99.867   201.180     8.000     1.556   155.790    24.654    15.260    -2.532   387.780   388.700     0.00000
16.5       98.170   201.390     8.000     1.635   166.590    24.873    14.789    -1.344   390.090   391.020     0.00000
16.6       96.520   201.240     7.457     1.771   183.470    25.110    13.981    -0.733   391.690   392.630     0.00000
16.7       94.843   201.050     7.000     1.878   197.990    25.361    14.040    -0.907   393.270   394.220     0.00000
16.8       93.296   200.970     7.000     2.088   223.820    25.641    14.574    -1.924   394.970   395.930     0.00000
16.9       91.702   200.580     7.000     2.261   246.590    25.944    15.871    -2.231   396.130   397.100     0.00000
17.0       90.100   200.650     7.000     2.350   260.820    26.260    16.410    -1.725   398.270   399.250     0.00000
17.1       88.607   201.200     7.000     2.492   281.240    26.593    16.059     0.074   401.260   402.260     0.00000
17.2       87.157   201.490     6.652     2.708   310.690    26.955    14.511     0.423   403.740   404.750     0.00000
17.3       85.707   202.150     6.000     2.889   337.090    27.340    12.945    -0.327   407.000   408.020     0.00000
17.4       84.233   202.980     6.000     3.187   378.310    27.763    12.083    -2.564   410.700   411.750     0.00000
17.5       82.837   203.690     6.000     3.376   407.580    28.209    11.401    -4.655   414.100   415.160     0.00000
17.6       81.430   205.230     5.000     3.606   442.800    28.682    11.151    -6.656   419.280   420.360     0.00000
17.7       80.147   206.180     5.000     4.166   519.850    29.226    10.632    -8.333   423.110   424.220     0.00000
17.8       78.814   206.670     5.000     4.799   608.950    29.852    10.632    -8.922   426.160   427.280     0.00000
17.9       77.513   206.220     4.688     4.628   597.080    30.456    11.390    -9.223   427.250   428.370     0.00000
18.0       76.245   206.190     4.000     4.516   592.270    31.046    12.143    -9.537   429.210   430.340     0.00000
18.1       74.967   206.330     4.000     4.560   608.270    31.641    12.782    -8.767   431.560   432.710     0.00000
18.2       73.766   205.360     4.000     4.577   620.510    32.241    13.232    -7.288   431.520   432.670     0.00000
18.3       72.522   205.110     4.000     4.596   633.720    32.844    13.233    -5.301   433.080   434.250     0.00000
18.4       71.310   204.850     4.184     4.681   656.400    33.459    13.254    -3.196   434.620   435.800     0.00000
18.5       70.182   204.930     5.000     4.832   688.510    34.094    13.567    -2.432   436.770   437.970     0.00000
18.6       68.972   204.950     5.000     5.083   736.990    34.762    13.590    -1.910   438.980   440.190     0.00000
18.7       67.892   205.330     5.000     5.242   772.150    35.450    12.868    -3.060   441.780   443.010     0.00000
18.8       66.771   204.980     5.000     5.297   793.320    36.145    12.435    -4.421   443.110   444.350     0.00000
18.9       65.621   205.420     5.000     5.377   819.470    36.850    13.386    -4.360   446.280   447.530     0.00000
19.0       64.557   206.460     5.000     5.619   870.420    37.583    14.702    -3.891   450.620   451.900     0.00000
19.1       63.467   206.650     5.000     5.432   855.880    38.291    15.152    -2.599   453.230   454.520     0.00000
19.2       62.450   206.950     5.000     5.325   852.680    38.984    14.667    -1.546   455.980   457.290     0.00000
19.3       61.452   208.300     5.000     5.463   889.060    39.690    13.705     0.177   461.060   462.400     0.00001
19.4       60.404   208.090     4.208     5.617   929.990    40.417    11.982     0.302   462.870   464.210     0.00000
19.5       59.452   208.280     4.000     5.706   959.740    41.155    11.025    -0.344   465.380   466.740     0.00000
19.6       58.479   208.050     3.958     5.910  1010.600    41.919    10.497    -2.462   467.050   468.430     0.00000
19.7       57.536   208.020     3.000     5.910  1027.200    42.684     9.189    -3.974   469.170   470.550     0.00000
19.8       56.602   207.590     3.804     5.962  1053.300    43.458     9.006    -4.869   470.380   471.780     0.00000
19.9       55.680   207.100     3.000     6.050  1086.600    44.244     9.107    -5.472   471.480   472.880     0.00000
20.0       54.792   206.720     3.000     6.326  1154.500    45.068     9.801    -5.837   472.770   474.180     0.00000
20.1       53.822   206.510     3.000     6.244  1160.200    45.882    10.323    -5.632   474.690   476.120     0.00000
20.2       52.938   207.080     4.000     6.268  1184.000    46.697    10.238    -4.436   478.260   479.710     0.00000
20.3       52.077   207.260     4.000     6.588  1265.100    47.553     8.766    -3.000   480.900   482.370     0.00000
20.4       51.308   207.550     4.000     6.877  1340.300    48.446     8.174    -2.347   483.620   485.110     0.00000
20.5       50.454   207.820     4.000     7.161  1419.300    49.373     8.428    -1.986   486.590   488.090     0.00000
20.6       49.572   208.130     4.000     7.283  1469.100    50.316     8.486    -0.879   489.770   491.290     0.00000
20.7       48.786   208.560     4.784     7.359  1508.500    51.266     8.562     0.471   493.020   494.570     0.00001
20.8       48.031   209.310     4.104     7.611  1584.600    52.245     9.348     1.297   496.980   498.550     0.00001
20.9       47.246   209.150     4.000     8.092  1712.800    53.287     9.853     2.212   498.940   500.530     0.00001
21.0       46.456   209.680     4.000     8.499  1829.500    54.378     9.090     3.206   502.610   504.220     0.00001
21.1       45.725   210.090     3.000     8.483  1855.300    55.465     7.069     4.307   505.880   507.500     0.00001
21.2       44.960   210.990     3.000     8.711  1937.600    56.577     4.608     4.322   510.490   512.140     0.00001
21.3       44.285   211.780     3.000     8.962  2023.700    57.716     3.494     3.693   514.620   516.290     0.00001
21.4       43.551   211.460     3.623     9.202  2113.000    58.888     4.175     3.110   516.300   518.000     0.00001
21.5       42.853   211.590     3.000     9.319  2174.700    60.074     5.005     1.988   519.000   520.700     0.00001
21.6       42.157   212.150     3.000     9.441  2239.600    61.272     4.390    -1.060   522.800   524.530     0.00001
21.7       41.465   212.140     3.000     9.496  2290.100    62.478     2.433    -3.550   525.240   526.990     0.00001
21.8       40.876   211.940     3.000     9.583  2344.400    63.695     0.434    -5.317   526.890   528.650     0.00001
21.9       40.183   212.480     3.000     9.665  2405.300    64.920    -0.632    -5.848   530.810   532.600     0.00001
22.0       39.494   213.260     3.000     9.832  2489.400    66.161    -0.793    -5.026   535.390   537.200     0.00001
22.1       38.906   213.850     3.000    10.008  2572.400    67.422     0.210    -4.298   539.160   541.010     0.00001
22.2       38.323   214.870     3.000    10.171  2654.000    68.696     0.085    -4.876   544.090   545.970     0.00001
22.3       37.662   214.670     3.000    10.321  2740.400    69.991     0.000    -5.739   546.270   548.160     0.00001
22.4       37.068   214.910     3.000    10.451  2819.400    71.300     0.243    -7.724   549.380   551.300     0.00001
22.5       36.494   216.080     3.000    10.704  2932.900    72.634     0.865    -9.138   554.820   556.780     0.00001
22.6       35.912   215.950     4.000    10.871  3027.200    73.989     2.227   -10.528   557.030   559.040     0.00002
22.7       35.350   216.500     4.000    10.985  3107.500    75.356     4.342   -11.873   560.970   563.000     0.00002
22.8       34.798   217.250     3.660    11.184  3214.000    76.742     6.746   -12.825   565.440   567.500     0.00002
22.9       34.258   217.550     3.000    11.310  3301.400    78.142     8.935   -12.467   568.740   570.810     0.00002
23.0       33.772   217.540     2.906    11.324  3353.000    79.543    10.322   -11.389   571.040   573.120     0.00002
23.1       33.200   217.450     2.000    11.360  3421.700    80.950    10.287    -9.934   573.590   575.650     0.00001
23.2       32.723   217.170     2.000    11.424  3491.300    82.366     9.952    -8.722   575.220   577.300     0.00001
23.3       32.165   217.070     2.000    11.481  3569.400    83.791    10.674    -6.754   577.780   579.870     0.00001
23.4       31.711   216.760     2.000    11.505  3628.000    85.220    11.406    -5.105   579.290   581.400     0.00001
23.5       31.204   216.250     2.000    11.440  3666.200    86.644    12.429    -4.409   580.600   582.720     0.00001
23.6       30.706   215.980     2.000    11.364  3700.800    88.061    13.102    -3.115   582.510   584.650     0.00001
23.7       30.229   216.600     2.000    11.444  3785.800    89.484    12.824    -2.155   586.800   588.970     0.00001
23.8       29.779   216.840     2.000    11.622  3902.900    90.927    11.762    -1.444   589.960   592.160     0.00001
23.9       29.322   217.090     2.000    11.703  3991.300    92.378    10.959    -1.174   593.270   595.490     0.00001
24.0       28.828   217.990     1.140    11.949  4144.900    93.854    10.411     0.079   598.620   600.840     0.00001
24.1       28.369   218.400     1.000    12.102  4265.700    95.346    10.232     0.536   602.490   604.730     0.00001
24.2       27.968   218.720     1.000    12.273  4388.200    96.857     9.223    -0.357   605.810   608.070     0.00001
24.3       27.481   219.310     1.000    12.398  4511.400    98.379     8.708    -1.726   610.490   612.790     0.00001
24.4       27.096   220.260     1.000    12.572  4639.900    99.916     8.637    -1.907   615.610   617.940     0.00001
24.5       26.672   220.490     1.000    12.831  4810.700   101.483     8.245    -1.454   619.040   621.400     0.00001
24.6       26.247   220.700     1.000    12.918  4921.600   103.059     7.460    -2.397   622.470   624.850     0.00001
24.7       25.871   221.050     2.000    13.086  5058.100   104.653     6.617    -3.248   626.020   628.510     0.00002
24.8       25.421   221.140     2.000    13.036  5128.200   106.241     6.614    -2.595   629.420   631.940     0.00002
24.9       25.048   221.680     2.241    13.246  5288.300   107.850     6.604    -1.077   633.600   636.180     0.00003
25.0       24.690   222.430     2.000    13.397  5426.300   109.471     6.336    -1.180   638.360   640.970     0.00003
25.1       24.340   222.450     2.298    13.506  5548.800   111.106     6.290    -1.951   641.020   643.690     0.00003
25.2       23.985   222.560     2.074    13.585  5664.000   112.750     6.676    -2.440   644.040   646.710     0.00003
25.3       23.621   222.840     3.000    13.668  5786.200   114.401     6.579    -2.180   647.650   650.460     0.00005
25.4       23.268   222.550     3.000    13.769  5917.800   116.067     6.293    -1.493   649.600   652.420     0.00005
25.5       22.905   222.900     2.526    13.753  6004.100   117.729     6.543    -1.813   653.540   656.350     0.00004
25.6       22.540   222.720     2.302    13.650  6056.000   119.379     6.683    -2.496   656.000   658.810     0.00004
25.7       22.175   222.430     3.000    13.665  6162.300   121.033     5.919    -3.449   658.180   661.090     0.00005
25.8       21.818   222.430     2.091    13.603  6234.600   122.680     5.204    -3.252   661.250   664.080     0.00003
25.9       21.463   222.620     2.685    13.586  6330.100   124.323     5.242    -2.982   664.910   667.850     0.00005
26.0       21.202   222.700     3.000    13.565  6397.900   125.963     5.750    -1.818   667.480   670.490     0.00005
26.1       20.841   222.680     2.704    13.510  6482.700   127.597     6.401    -1.058   670.690   673.690     0.00005
26.2       20.571   223.110     2.000    13.433  6529.900   129.218     6.773    -0.746   674.470   677.420     0.00004
26.3       20.221   223.630     2.000    13.687  6768.600   130.866     6.647    -1.471   679.370   682.370     0.00004
26.4       19.936   223.910     3.000    13.782  6913.000   132.524     5.944    -1.663   682.960   686.160     0.00007
26.5       19.615   223.950     3.000    13.827  7049.300   134.186     6.021    -1.470   686.270   689.500     0.00007
26.6       19.355   224.070     2.776    13.866  7163.700   135.852     6.605    -1.193   689.250   692.490     0.00006
26.7       19.010   224.150     2.000    13.897  7310.400   137.522     7.317    -1.549   693.030   696.170     0.00005
26.8       18.754   224.330     2.000    13.763  7339.100   139.174     7.198    -2.189   696.280   699.460     0.00005
26.9       18.451   223.800     2.000    13.715  7433.400   140.824     6.928    -2.453   697.870   701.050     0.00005
27.0       18.179   223.240     3.000    13.652  7509.600   142.470     7.318    -2.990   699.080   702.430     0.00007
27.1       17.904   223.240     3.000    13.581  7585.500   144.108     7.583    -3.373   702.120   705.500     0.00007
27.2       17.639   223.250     2.196    13.434  7615.800   145.729     7.768    -2.673   705.120   708.400     0.00005
27.3       17.349   223.250     2.000    13.269  7648.500   147.329     7.304    -1.887   708.460   711.740     0.00005
27.4       17.079   223.370     3.000    13.132  7688.700   148.912     6.226    -1.927   712.030   715.530     0.00007
27.5       16.800   224.250     3.000    13.140  7821.400   150.490     5.768    -1.986   718.180   721.790     0.00008
27.6       16.621   224.710     2.000    13.055  7854.300   152.054     5.405    -2.160   721.850   725.300     0.00006
27.7       16.345   225.270     2.000    12.961  7930.000   153.603     5.429    -1.904   727.120   730.650     0.00006
27.8       16.067   225.420     2.000    12.800  7966.700   155.132     5.947    -1.334   731.150   734.720     0.00006
27.9       15.896   225.760     1.019    12.709  7995.300   156.648     6.898    -0.215   734.490   737.860     0.00003
28.0       15.616   226.570     2.000    12.714  8141.600   158.159     7.016     1.870   740.880   744.610     0.00008
28.1       15.348   226.100     2.000    12.614  8218.200   159.661     6.928     3.246   743.000   746.730     0.00007
28.2       15.167   226.230     2.833    12.447  8206.600   161.143     7.017     4.079   745.960   749.970     0.00011
28.3       14.917   225.900     2.000    12.313  8254.700   162.610     6.825     4.237   748.390   752.180     0.00007
28.4       14.691   225.940     1.456    12.116  8246.800   164.054     6.930     3.899   751.780   755.440     0.00005
28.5       14.470   227.200     1.000    11.863  8198.500   165.460     7.131     3.774   759.240   762.860     0.00004
28.6       14.286   227.550     1.000    11.592  8114.500   166.832     6.668     4.006   763.190   766.860     0.00005
28.7       14.023   227.630     1.000    11.359  8100.300   168.176     6.350     3.370   767.500   771.220     0.00005
28.8     9000.000  9000.000  9000.000  9000.000  9000.000  9000.000  9000.000  9000.000  9000.000  9000.000  9000.00000
28.9     9000.000  9000.000  9000.000  9000.000  9000.000  9000.000  9000.000  9000.000  9000.000  9000.000  9000.00000
29.0     9000.000  9000.000  9000.000  9000.000  9000.000  9000.000  9000.000  9000.000  9000.000  9000.000  9000.00000
29.1     9000.000  9000.000  9000.000  9000.000  9000.000  9000.000  9000.000  9000.000  9000.000  9000.000  9000.00000
29.2     9000.000  9000.000  9000.000  9000.000  9000.000  9000.000  9000.000  9000.000  9000.000  9000.000  9000.00000
29.3     9000.000  9000.000  9000.000  9000.000  9000.000  9000.000  9000.000  9000.000  9000.000  9000.000  9000.00000
29.4     9000.000  9000.000  9000.000  9000.000  9000.000  9000.000  9000.000  9000.000  9000.000  9000.000  9000.00000
29.5     9000.000  9000.000  9000.000  9000.000  9000.000  9000.000  9000.000  9000.000  9000.000  9000.000  9000.00000
29.6     9000.000  9000.000  9000.000  9000.000  9000.000  9000.000  9000.000  9000.000  9000.000  9000.000  9000.00000
29.7     9000.000  9000.000  9000.000  9000.000  9000.000  9000.000  9000.000  9000.000  9000.000  9000.000  9000.00000
29.8     9000.000  9000.000  9000.000  9000.000  9000.000  9000.000  9000.000  9000.000  9000.000  9000.000  9000.00000
29.9     9000.000  9000.000  9000.000  9000.000  9000.000  9000.000  9000.000  9000.000  9000.000  9000.000  9000.00000
30.0     9000.000  9000.000  9000.000  9000.000  9000.000  9000.000  9000.000  9000.000  9000.000  9000.000  9000.00000
30.1     9000.000  9000.000  9000.000  9000.000  9000.000  9000.000  9000.000  9000.000  9000.000  9000.000  9000.00000
30.2     9000.000  9000.000  9000.000  9000.000  9000.000  9000.000  9000.000  9000.000  9000.000  9000.000  9000.00000
30.3     9000.000  9000.000  9000.000  9000.000  9000.000  9000.000  9000.000  9000.000  9000.000  9000.000  9000.00000
30.4     9000.000  9000.000  9000.000  9000.000  9000.000  9000.000  9000.000  9000.000  9000.000  9000.000  9000.00000
30.5     9000.000  9000.000  9000.000  9000.000  9000.000  9000.000  9000.000  9000.000  9000.000  9000.000  9000.00000
30.6     9000.000  9000.000  9000.000  9000.000  9000.000  9000.000  9000.000  9000.000  9000.000  9000.000  9000.00000
30.7     9000.000  9000.000  9000.000  9000.000  9000.000  9000.000  9000.000  9000.000  9000.000  9000.000  9000.00000
30.8     9000.000  9000.000  9000.000  9000.000  9000.000  9000.000  9000.000  9000.000  9000.000  9000.000  9000.00000
30.9     9000.000  9000.000  9000.000  9000.000  9000.000  9000.000  9000.000  9000.000  9000.000  9000.000  9000.00000
31.0     9000.000  9000.000  9000.000  9000.000  9000.000  9000.000  9000.000  9000.000  9000.000  9000.000  9000.00000
31.1     9000.000  9000.000  9000.000  9000.000  9000.000  9000.000  9000.000  9000.000  9000.000  9000.000  9000.00000
31.2     9000.000  9000.000  9000.000  9000.000  9000.000  9000.000  9000.000  9000.000  9000.000  9000.000  9000.00000
31.3     9000.000  9000.000  9000.000  9000.000  9000.000  9000.000  9000.000  9000.000  9000.000  9000.000  9000.00000
31.4     9000.000  9000.000  9000.000  9000.000  9000.000  9000.000  9000.000  9000.000  9000.000  9000.000  9000.00000
31.5     9000.000  9000.000  9000.000  9000.000  9000.000  9000.000  9000.000  9000.000  9000.000  9000.000  9000.00000
31.6     9000.000  9000.000  9000.000  9000.000  9000.000  9000.000  9000.000  9000.000  9000.000  9000.000  9000.00000
31.7     9000.000  9000.000  9000.000  9000.000  9000.000  9000.000  9000.000  9000.000  9000.000  9000.000  9000.00000
31.8     9000.000  9000.000  9000.000  9000.000  9000.000  9000.000  9000.000  9000.000  9000.000  9000.000  9000.00000
31.9     9000.000  9000.000  9000.000  9000.000  9000.000  9000.000  9000.000  9000.000  9000.000  9000.000  9000.00000
32.0     9000.000  9000.000  9000.000  9000.000  9000.000  9000.000  9000.000  9000.000  9000.000  9000.000  9000.00000
32.1     9000.000  9000.000  9000.000  9000.000  9000.000  9000.000  9000.000  9000.000  9000.000  9000.000  9000.00000
32.2     9000.000  9000.000  9000.000  9000.000  9000.000  9000.000  9000.000  9000.000  9000.000  9000.000  9000.00000
32.3     9000.000  9000.000  9000.000  9000.000  9000.000  9000.000  9000.000  9000.000  9000.000  9000.000  9000.00000
32.4     9000.000  9000.000  9000.000  9000.000  9000.000  9000.000  9000.000  9000.000  9000.000  9000.000  9000.00000
32.5     9000.000  9000.000  9000.000  9000.000  9000.000  9000.000  9000.000  9000.000  9000.000  9000.000  9000.00000
32.6     9000.000  9000.000  9000.000  9000.000  9000.000  9000.000  9000.000  9000.000  9000.000  9000.000  9000.00000
32.7     9000.000  9000.000  9000.000  9000.000  9000.000  9000.000  9000.000  9000.000  9000.000  9000.000  9000.00000
32.8     9000.000  9000.000  9000.000  9000.000  9000.000  9000.000  9000.000  9000.000  9000.000  9000.000  9000.00000
32.9     9000.000  9000.000  9000.000  9000.000  9000.000  9000.000  9000.000  9000.000  9000.000  9000.000  9000.00000
33.0     9000.000  9000.000  9000.000  9000.000  9000.000  9000.000  9000.000  9000.000  9000.000  9000.000  9000.00000
33.1     9000.000  9000.000  9000.000  9000.000  9000.000  9000.000  9000.000  9000.000  9000.000  9000.000  9000.00000
33.2     9000.000  9000.000  9000.000  9000.000  9000.000  9000.000  9000.000  9000.000  9000.000  9000.000  9000.00000
33.3     9000.000  9000.000  9000.000  9000.000  9000.000  9000.000  9000.000  9000.000  9000.000  9000.000  9000.00000
33.4     9000.000  9000.000  9000.000  9000.000  9000.000  9000.000  9000.000  9000.000  9000.000  9000.000  9000.00000
33.5     9000.000  9000.000  9000.000  9000.000  9000.000  9000.000  9000.000  9000.000  9000.000  9000.000  9000.00000
33.6     9000.000  9000.000  9000.000  9000.000  9000.000  9000.000  9000.000  9000.000  9000.000  9000.000  9000.00000
33.7     9000.000  9000.000  9000.000  9000.000  9000.000  9000.000  9000.000  9000.000  9000.000  9000.000  9000.00000
33.8     9000.000  9000.000  9000.000  9000.000  9000.000  9000.000  9000.000  9000.000  9000.000  9000.000  9000.00000
33.9     9000.000  9000.000  9000.000  9000.000  9000.000  9000.000  9000.000  9000.000  9000.000  9000.000  9000.00000
34.0     9000.000  9000.000  9000.000  9000.000  9000.000  9000.000  9000.000  9000.000  9000.000  9000.000  9000.00000
34.1     9000.000  9000.000  9000.000  9000.000  9000.000  9000.000  9000.000  9000.000  9000.000  9000.000  9000.00000
34.2     9000.000  9000.000  9000.000  9000.000  9000.000  9000.000  9000.000  9000.000  9000.000  9000.000  9000.00000
34.3     9000.000  9000.000  9000.000  9000.000  9000.000  9000.000  9000.000  9000.000  9000.000  9000.000  9000.00000
34.4     9000.000  9000.000  9000.000  9000.000  9000.000  9000.000  9000.000  9000.000  9000.000  9000.000  9000.00000
34.5     9000.000  9000.000  9000.000  9000.000  9000.000  9000.000  9000.000  9000.000  9000.000  9000.000  9000.00000
34.6     9000.000  9000.000  9000.000  9000.000  9000.000  9000.000  9000.000  9000.000  9000.000  9000.000  9000.00000
34.7     9000.000  9000.000  9000.000  9000.000  9000.000  9000.000  9000.000  9000.000  9000.000  9000.000  9000.00000
34.8     9000.000  9000.000  9000.000  9000.000  9000.000  9000.000  9000.000  9000.000  9000.000  9000.000  9000.00000
34.9     9000.000  9000.000  9000.000  9000.000  9000.000  9000.000  9000.000  9000.000  9000.000  9000.000  9000.00000
35.0     9000.000  9000.000  9000.000  9000.000  9000.000  9000.000  9000.000  9000.000  9000.000  9000.000  9000.00000