CR2/DMC Archive                  : http://www.cr2.cl/recursos-y-publicaciones/datos-ozonosonda/
STATION                          : Easter Island, Chile
Data Provider                    : DMC Dirección Meteorológica de Chile, GAW Program
Data Compilation                 : 26 July, 2016, by CR2 Center for Climate and Resilience Research, data interpolated every 100m
Latitude (deg)                   : -27.16
Longitude (deg)                  : -109.43
Elevation (m)                    : 41.0
Launch Date                      : 20140810 
Launch Time (UT)                 : 
Highest level reached (hPa)      : 6.200
Integrated O3 until EOF (DU)     : 255.815
Sonde/Sage Climatology(1988-2002): 
Sonde Instrument, SN             : SPC 6A 
Radiosonde, SN                   : Vaisala, CCE64B
Solution                         : 1.0% buffered
Applied pump corrections         : 
Pump flow rate (sec/100ml)       : 9000
Background current (uA)          : 9000
Missing or bad values            : 9000
Alt       Press     Temp      RH        O3        O3        O3        u         v         Theta     Theta e   Q         
km        hPa       K         %         mPa       ppbv      DU        m/s       m/s       K         K         g/kg      
 0.0     9000.000  9000.000  9000.000  9000.000  9000.000  9000.000  9000.000  9000.000  9000.000  9000.000  9000.00000
 0.1     1002.100   292.880    75.000     3.073    30.670     0.283  9000.000  9000.000   292.710   318.840     0.01094
 0.2      990.520   291.920    78.000     3.107    31.372     0.569  9000.000  9000.000   292.720   318.670     0.01083
 0.3      979.110   290.960    81.000     3.051    31.162     0.852  9000.000  9000.000   292.720   318.450     0.01070
 0.4      967.640   289.990    86.000     3.068    31.704     1.136  9000.000  9000.000   292.720   318.790     0.01080
 0.5      956.370   289.120    87.000     3.027    31.650     1.418  9000.000  9000.000   292.820   318.120     0.01045
 0.6      945.170   288.220    89.000     2.977    31.494     1.696  9000.000  9000.000   292.880   317.670     0.01020
 0.7      934.110   287.700    82.000     2.970    31.795     1.974  9000.000  9000.000   293.340   315.770     0.00919
 0.8      923.100   287.240    75.000     2.960    32.066     2.252  9000.000  9000.000   293.860   314.080     0.00826
 0.9      912.290   286.550    72.750     2.919    31.994     2.526  9000.000  9000.000   294.140   313.170     0.00774
 1.0      901.520   285.850    75.000     2.908    32.251     2.800  9000.000  9000.000   294.420   313.440     0.00771
 1.1      890.900   285.490    64.833     2.910    32.664     3.074  9000.000  9000.000   295.040   311.350     0.00659
 1.2      880.300   284.990    67.222     2.890    32.830     3.347  9000.000  9000.000   295.530   312.150     0.00669
 1.3      869.890   284.540    64.125     2.910    33.453     3.623  9000.000  9000.000   296.060   311.680     0.00626
 1.4      859.470   284.180    54.000     2.893    33.664     3.897  9000.000  9000.000   296.710   309.770     0.00521
 1.5      849.230   283.880    52.000     2.903    34.182     4.172  9000.000  9000.000   297.410   309.920     0.00498
 1.6      839.100   283.020    55.154     2.875    34.258     4.446  9000.000  9000.000   297.520   310.250     0.00504
 1.7      829.100   282.750    43.615     2.865    34.560     4.719  9000.000  9000.000   298.250   308.300     0.00396
 1.8      819.100   282.050    41.000     2.890    35.283     4.995  9000.000  9000.000   298.550   307.710     0.00360
 1.9      809.270   282.050    23.286     2.977    36.788     5.279  9000.000  9000.000   299.570   304.890     0.00207
 2.0      799.500   281.470    21.800     3.128    39.124     5.578  9000.000  9000.000   299.990   304.860     0.00188
 2.1      789.900   280.390    41.571     3.079    38.974     5.874  9000.000  9000.000   299.880   308.580     0.00337
 2.2      780.300   279.350    58.000     2.960    37.934     6.159  9000.000  9000.000   299.800   311.250     0.00443
 2.3      770.800   278.670    69.667     2.832    36.737     6.433  9000.000  9000.000   300.120   313.430     0.00514
 2.4      761.540   277.850    79.000     2.706    35.531     6.695  9000.000  9000.000   300.270   314.740     0.00557
 2.5      752.190   277.460    74.000     2.631    34.977     6.950  9000.000  9000.000   300.900   314.320     0.00514
 2.6      743.000   276.750    67.455     2.614    35.177     7.204  9000.000  9000.000   301.190   313.010     0.00451
 2.7      733.890   276.360    45.167     2.629    35.825     7.461  9000.000  9000.000   301.820   309.680     0.00297
 2.8      724.930   276.250    28.143     2.749    37.915     7.729  9000.000  9000.000   302.760   307.740     0.00186
 2.9      715.970   276.280     9.333     2.890    40.365     8.010  9000.000  9000.000   303.870   305.620     0.00063
 3.0      707.190   276.360     1.000     2.919    41.277     8.295  9000.000  9000.000   305.020   305.310     0.00007
 3.1      698.520   276.150     1.000     2.962    42.404     8.583  9000.000  9000.000   305.860   306.160     0.00007
 3.2      689.880   275.370     1.000     3.087    44.745     8.885  9000.000  9000.000   306.080   306.370     0.00007
 3.3      681.370   274.450     1.000     3.030    44.469     9.183  9000.000  9000.000   306.140   306.430     0.00006
 3.4      672.960   274.070     1.000     3.020    44.876     9.479  9000.000  9000.000   306.800   307.090     0.00006
 3.5      664.630   273.530     1.000     3.115    46.862     9.786  9000.000  9000.000   307.290   307.580     0.00006
 3.6      656.430   273.090     1.000     3.034    46.214    10.085  9000.000  9000.000   307.870   308.160     0.00006
 3.7      648.250   272.200     1.000     2.745    42.345    10.356  9000.000  9000.000   307.970   308.260     0.00006
 3.8      640.120   271.550     1.000     2.680    41.867    10.622  9000.000  9000.000   308.340   308.630     0.00005
 3.9      632.130   270.790     1.000     2.656    42.021    10.886  9000.000  9000.000   308.580   308.860     0.00005
 4.0      624.170   270.220     1.000     2.800    44.860    11.165  9000.000  9000.000   309.040   309.330     0.00005
 4.1      616.300   269.750     1.000     2.570    41.700    11.422  9000.000  9000.000   309.630   309.910     0.00005
 4.2      608.500   269.250     1.000     2.820    46.343    11.704  9000.000  9000.000   310.180   310.460     0.00005
 4.3      600.870   268.720     1.000     3.000    49.928    12.005  9000.000  9000.000   310.680   310.960     0.00005
 4.4      593.330   268.050     1.000     2.969    50.036    12.303  9000.000  9000.000   311.020   311.310     0.00004
 4.5      585.700   267.650     9.000     2.740    46.782    12.578  9000.000  9000.000   311.700   312.960     0.00039
 4.6      578.310   266.850    11.000     2.614    45.205    12.842  9000.000  9000.000   311.900   313.340     0.00046
 4.7      570.990   266.080    12.000     2.520    44.134    13.097  9000.000  9000.000   312.130   313.630     0.00047
 4.8      563.650   265.200    13.500     2.490    44.176    13.350  9000.000  9000.000   312.250   313.850     0.00050
 4.9      556.460   264.270    21.778     2.452    44.069    13.600  9000.000  9000.000   312.290   314.650     0.00077
 5.0      549.300   263.350    30.000     2.310    42.054    13.836  9000.000  9000.000   312.350   315.370     0.00099
 5.1      542.250   262.710    27.385     2.276    41.976    14.069  9000.000  9000.000   312.740   315.430     0.00087
 5.2      535.180   261.960    34.000     2.151    40.194    14.290  9000.000  9000.000   313.020   316.180     0.00104
 5.3      528.270   261.060    37.889     2.022    38.280    14.499  9000.000  9000.000   313.100   316.430     0.00109
 5.4      521.400   260.550    38.500     1.915    36.728    14.697  9000.000  9000.000   313.650   316.960     0.00108
 5.5      514.630   260.330    30.000     1.697    32.968    14.872  9000.000  9000.000   314.560   317.190     0.00083
 5.6      507.880   259.650    25.125     1.631    32.119    15.042  9000.000  9000.000   314.920   317.080     0.00067
 5.7      501.300   259.250    19.333     1.630    32.515    15.211  9000.000  9000.000   315.600   317.300     0.00051
 5.8      494.670   258.830    12.000     1.907    38.544    15.409  9000.000  9000.000   316.290   317.420     0.00031
 5.9      488.200   258.050    11.000     2.130    43.630    15.632  9000.000  9000.000   316.520   317.540     0.00027
 6.0      481.730   257.270    12.000     2.167    44.995    15.858  9000.000  9000.000   316.770   317.830     0.00028
 6.1      475.430   256.550    12.000     2.092    44.013    16.078  9000.000  9000.000   317.070   318.090     0.00026
 6.2      469.100   255.750    10.000     2.000    42.635    16.289  9000.000  9000.000   317.290   318.150     0.00021
 6.3      462.900   254.850    10.000     2.005    43.314    16.500  9000.000  9000.000   317.370   318.200     0.00020
 6.4      456.710   253.910    10.000     2.040    44.667    16.717  9000.000  9000.000   317.420   318.220     0.00018
 6.5      450.540   252.940    10.000     1.980    43.948    16.928  9000.000  9000.000   317.430   318.200     0.00017
 6.6      444.520   251.970    10.000     1.940    43.642    17.135  9000.000  9000.000   317.430   318.170     0.00016
 6.7      438.570   251.090    10.000     1.940    44.235    17.343  9000.000  9000.000   317.540   318.260     0.00015
 6.8      432.620   250.300    10.000     1.915    44.276    17.549  9000.000  9000.000   317.760   318.460     0.00014
 6.9      426.780   249.380    11.000     1.910    44.754    17.755  9000.000  9000.000   317.820   318.540     0.00015
 7.0      420.920   248.490    10.000     1.920    45.615    17.963  9000.000  9000.000   317.940   318.600     0.00012
 7.1      415.150   247.600    10.000     1.940    46.730    18.174  9000.000  9000.000   318.050   318.690     0.00012
 7.2      409.450   246.840    27.125     1.970    48.113    18.389  9000.000  9000.000   318.330   319.530     0.00030
 7.3      403.830   246.030    24.357     1.954    48.376    18.603  9000.000  9000.000   318.530   319.610     0.00025
 7.4      398.200   245.150    12.000     2.010    50.477    18.824  9000.000  9000.000   318.670   319.330     0.00012
 7.5      392.750   244.360    13.727     2.050    52.195    19.050  9000.000  9000.000   318.890   319.580     0.00012
 7.6      387.250   243.540    43.000     1.849    47.751    19.254  9000.000  9000.000   319.100   320.560     0.00037
 7.7      381.860   242.570    46.917     1.712    44.825    19.444  9000.000  9000.000   319.100   320.570     0.00037
 7.8      376.540   241.680    51.000     1.650    43.820    19.628  9000.000  9000.000   319.200   320.700     0.00037
 7.9      371.260   240.860    44.000     1.620    43.636    19.809  9000.000  9000.000   319.400   320.690     0.00030
 8.0      366.000   240.050    51.000     1.640    44.809    19.993  9000.000  9000.000   319.620   321.000     0.00033
 8.1      360.820   239.450    57.800     1.588    44.011    20.171  9000.000  9000.000   320.120   321.600     0.00036
 8.2      355.740   238.770    61.769     1.598    44.912    20.352  9000.000  9000.000   320.510   322.010     0.00036
 8.3      350.650   237.850    68.375     1.600    45.630    20.533  9000.000  9000.000   320.580   322.120     0.00037
 8.4      345.640   237.080    69.000     1.580    45.713    20.712  9000.000  9000.000   320.860   322.340     0.00035
 8.5      340.700   236.100    70.000     1.580    46.375    20.892  9000.000  9000.000   320.840   322.260     0.00033
 8.6      335.800   235.250    73.000     1.590    47.350    21.074  9000.000  9000.000   321.010   322.410     0.00032
 8.7      330.930   234.550    75.000     1.580    47.744    21.256  9000.000  9000.000   321.390   322.770     0.00031
 8.8      326.160   233.750    84.000     1.590    48.749    21.439  9000.000  9000.000   321.620   323.050     0.00032
 8.9      321.430   233.100    83.000     1.550    48.222    21.618  9000.000  9000.000   322.060   323.430     0.00030
 9.0      316.740   232.440    75.000     1.550    48.936    21.798  9000.000  9000.000   322.490   323.730     0.00026
 9.1      312.100   231.750    65.000     1.450    46.459    21.966  9000.000  9000.000   322.900   323.990     0.00021
 9.2      307.550   231.060    49.000     1.540    50.073    22.145  9000.000  9000.000   323.290   324.180     0.00015
 9.3      303.050   230.210    51.000     1.550    51.147    22.327  9000.000  9000.000   323.460   324.340     0.00015
 9.4      298.510   229.330    53.000     1.540    51.589    22.508  9000.000  9000.000   323.600   324.470     0.00014
 9.5      294.100   228.330    54.600     1.514    51.479    22.686  9000.000  9000.000   323.560   324.410     0.00013
 9.6      289.750   227.450    59.909     1.451    50.075    22.858  9000.000  9000.000   323.690   324.550     0.00013
 9.7      285.420   226.450    64.000     1.430    50.102    23.028  9000.000  9000.000   323.650   324.500     0.00013
 9.8      281.150   225.580    57.000     1.424    50.635    23.198  9000.000  9000.000   323.790   324.570     0.00011
 9.9      276.880   224.580    56.000     1.450    52.369    23.372  9000.000  9000.000   323.770   324.520     0.00009
10.0      272.700   223.720    62.000     1.440    52.805    23.545  9000.000  9000.000   323.920   324.680     0.00010
10.1      268.600   222.850    59.000     1.430    53.239    23.718  9000.000  9000.000   324.060   324.790     0.00008
10.2      264.480   221.990    57.000     1.430    54.069    23.891  9000.000  9000.000   324.240   324.940     0.00007
10.3      260.450   221.010    60.000     1.450    55.673    24.068  9000.000  9000.000   324.220   324.910     0.00007
10.4      256.400   220.050    65.000     1.470    57.332    24.248  9000.000  9000.000   324.250   324.950     0.00007
10.5      252.490   219.110    65.000     1.456    57.676    24.427  9000.000  9000.000   324.290   324.970     0.00006
10.6      248.570   218.320    66.000     1.462    58.835    24.607  9000.000  9000.000   324.560   325.240     0.00006
10.7      244.670   217.650    63.000     1.662    67.938    24.813  9000.000  9000.000   325.030   325.680     0.00005
10.8      240.900   217.350    57.000     1.860    77.210    25.043  9000.000  9000.000   326.010   326.660     0.00005
10.9      237.160   218.840    32.571     2.280    96.139    25.324  9000.000  9000.000   329.710   330.310     0.00003
11.0      233.490   219.520    13.000     2.861   122.550    25.675  9000.000  9000.000   332.220   332.760     0.00001
11.1      229.870   219.770     7.833     2.963   128.920    26.038  9000.000  9000.000   334.070   334.600     0.00001
11.2      226.320   220.050     5.000     3.334   147.300    26.446  9000.000  9000.000   335.980   336.510     0.00001
11.3      222.830   220.810     4.000     3.611   162.070    26.886  9000.000  9000.000   338.640   339.180     0.00001
11.4      219.400   221.050     3.000     3.660   166.820    27.332  9000.000  9000.000   340.510   341.050     0.00000
11.5      216.090   220.490     3.000     3.504   162.170    27.760  9000.000  9000.000   341.130   341.680     0.00000
11.6      212.760   220.380     3.000     3.610   169.680    28.201  9000.000  9000.000   342.460   343.020     0.00000
11.7      209.460   220.150     2.000     3.600   171.870    28.641  9000.000  9000.000   343.640   344.190     0.00000
11.8      206.260   220.250     2.000     3.700   179.380    29.094  9000.000  9000.000   345.300   345.860     0.00000
11.9      203.070   220.150     2.000     3.820   188.120    29.561  9000.000  9000.000   346.680   347.250     0.00000
12.0      199.950   219.750     2.000     3.783   189.170    30.024  9000.000  9000.000   347.580   348.160     0.00000
12.1      196.880   219.710     2.000     3.870   196.570    30.499  9000.000  9000.000   349.060   349.650     0.00000
12.2      193.800   220.050     2.000     3.840   198.140    30.968  9000.000  9000.000   351.170   351.760     0.00000
12.3      190.870   220.740     1.000     4.000   209.570    31.456  9000.000  9000.000   353.800   354.400     0.00000
12.4      187.880   220.940     1.000     4.284   228.020    31.979  9000.000  9000.000   355.710   356.330     0.00000
12.5      185.040   220.130     1.000     4.410   238.330    32.518  9000.000  9000.000   355.950   356.570     0.00000
12.6      182.180   220.140     1.000     4.351   238.840    33.050  9000.000  9000.000   357.550   358.180     0.00000
12.7      179.410   220.150     1.000     4.169   232.340    33.560  9000.000  9000.000   359.130   359.760     0.00000
12.8      176.580   220.070     1.000     4.242   240.210    34.079  9000.000  9000.000   360.620   361.270     0.00000
12.9      173.880   220.570     1.000     4.460   256.490    34.623  9000.000  9000.000   363.030   363.680     0.00000
13.0      171.230   220.880     1.000     4.627   270.200    35.187  9000.000  9000.000   365.150   365.810     0.00000
13.1      168.600   220.750     1.000     4.810   285.290    35.774  9000.000  9000.000   366.540   367.210     0.00000
13.2      166.030   220.850     1.000     4.917   296.160    36.374  9000.000  9000.000   368.320   369.000     0.00000
13.3      163.470   221.250     1.000     4.980   304.630    36.980  9000.000  9000.000   370.620   371.310     0.00000
13.4      160.940   221.210     1.000     5.410   336.140    37.638  9000.000  9000.000   372.200   372.890     0.00000
13.5      158.470   220.650     1.000     5.364   338.460    38.293  9000.000  9000.000   372.900   373.600     0.00000
13.6      156.030   220.550     1.000     5.276   338.170    38.937  9000.000  9000.000   374.380   375.100     0.00000
13.7      153.660   220.980     1.000     4.894   318.520    39.533  9000.000  9000.000   376.750   377.480     0.00000
13.8      151.320   220.550     1.000     4.715   311.600    40.109  9000.000  9000.000   377.670   378.400     0.00000
13.9      148.980   220.430     1.000     4.156   278.960    40.617  9000.000  9000.000   379.140   379.880     0.00000
14.0      146.670   220.050     1.000     3.747   255.480    41.075  9000.000  9000.000   380.170   380.920     0.00000
14.1      144.410   219.660     1.000     3.330   230.590    41.483  9000.000  9000.000   381.190   381.940     0.00000
14.2      142.170   219.620     1.000     3.137   220.660    41.868  9000.000  9000.000   382.810   383.580     0.00000
14.3      139.980   219.130     1.000     2.887   206.220    42.223  9000.000  9000.000   383.650   384.430     0.00000
14.4      137.800   218.550     1.000     2.780   201.740    42.565  9000.000  9000.000   384.350   385.130     0.00000
14.5      135.680   218.150     1.000     2.516   185.410    42.876  9000.000  9000.000   385.350   386.140     0.00000
14.6      133.620   218.150     1.000     2.454   183.660    43.179  9000.000  9000.000   387.030   387.830     0.00000
14.7      131.480   218.350     1.000     2.644   201.100    43.505  9000.000  9000.000   389.170   389.980     0.00000
14.8      129.460   217.910     1.000     2.800   216.290    43.851  9000.000  9000.000   390.100   390.910     0.00000
14.9      127.440   217.050     1.000     2.800   219.700    44.198  9000.000  9000.000   390.300   391.130     0.00000
15.0      125.410   216.110     1.000     2.787   222.200    44.545  9000.000  9000.000   390.390   391.220     0.00000
15.1      123.500   215.300     1.000     2.675   216.600    44.880  9000.000  9000.000   390.640   391.470     0.00000
15.2      121.540   214.590     1.000     2.584   212.630    45.204  9000.000  9000.000   391.130   391.980     0.00000
15.3      119.610   213.750     1.000     2.541   212.460    45.524  9000.000  9000.000   391.370   392.220     0.00000
15.4      117.700   212.950     1.000     2.520   214.100    45.843  9000.000  9000.000   391.700   392.560     0.00000
15.5      115.830   212.350     1.000     2.410   208.070    46.148  9000.000  9000.000   392.390   393.260     0.00000
15.6      113.970   211.920     1.000     2.420   212.330    46.456  9000.000  9000.000   393.400   394.280     0.00000
15.7      112.150   210.820     1.000     2.393   213.330    46.762  9000.000  9000.000   393.170   394.050     0.00000
15.8      110.360   210.250     1.000     2.370   214.760    47.065  9000.000  9000.000   393.900   394.790     0.00000
15.9      108.580   210.450     1.000     2.432   223.940    47.376  9000.000  9000.000   396.100   397.000     0.00000
16.0      106.800   210.250     1.000     2.560   239.700    47.704  9000.000  9000.000   397.590   398.500     0.00000
16.1      105.080   209.750     1.000     2.828   269.150    48.067  9000.000  9000.000   398.480   399.400     0.00000
16.2      103.370   210.150     1.000     3.123   302.100    48.467  9000.000  9000.000   401.110   402.040     0.00000
16.3      101.740   210.210     1.000     3.566   350.530    48.924  9000.000  9000.000   403.060   404.000     0.00000
16.4      100.070   210.320     1.000     3.567   356.460    49.381  9000.000  9000.000   405.170   406.120     0.00000
16.5       98.525   209.670     1.000     3.650   370.460    49.849  9000.000  9000.000   405.720   406.680     0.00000
16.6       96.857   209.710     1.000     3.581   369.760    50.309  9000.000  9000.000   407.760   408.730     0.00000
16.7       95.338   209.250     1.000     3.636   381.410    50.777  9000.000  9000.000   408.710   409.690     0.00000
16.8       93.763   210.090     1.000     3.595   383.420    51.238  9000.000  9000.000   412.290   413.290     0.00000
16.9       92.271   209.450     1.000     3.800   411.830    51.727  9000.000  9000.000   412.920   413.930     0.00000
17.0       90.788   208.550     1.000     3.817   420.490    52.219  9000.000  9000.000   413.050   414.070     0.00000
17.1       89.275   207.850     1.000     3.770   422.290    52.708  9000.000  9000.000   413.640   414.660     0.00000
17.2       87.813   208.740     1.000     3.820   435.020    53.201  9000.000  9000.000   417.370   418.400     0.00000
17.3       86.413   208.840     1.000     3.750   433.960    53.684  9000.000  9000.000   419.480   420.530     0.00000
17.4       84.975   209.050     1.000     3.820   449.540    54.176  9000.000  9000.000   421.920   422.980     0.00000
17.5       83.643   209.110     1.000     3.876   463.360    54.675  9000.000  9000.000   423.940   425.010     0.00000
17.6       82.286   209.050     1.000     3.830   465.450    55.168  9000.000  9000.000   425.800   426.890     0.00000
17.7       80.900   209.050     1.000     3.840   474.660    55.663  9000.000  9000.000   427.870   428.970     0.00000
17.8       79.625   209.150     1.000     4.022   505.180    56.181  9000.000  9000.000   430.010   431.130     0.00000
17.9       78.343   209.450     1.000     4.296   548.320    56.733  9000.000  9000.000   432.630   433.750     0.00000
18.0       77.075   209.050     1.000     4.525   587.090    57.316  9000.000  9000.000   433.810   434.950     0.00000
18.1       75.875   209.550     1.000     4.907   646.790    57.947  9000.000  9000.000   436.800   437.950     0.00000
18.2       74.575   209.720     1.000     5.395   723.430    58.639  9000.000  9000.000   439.320   440.490     0.00000
18.3       73.400   209.500     1.000     5.735   781.340    59.376  9000.000  9000.000   440.840   442.020     0.00000
18.4       72.200   209.150     1.000     5.950   824.100    60.142  9000.000  9000.000   442.170   443.360     0.00000
18.5       71.043   209.250     1.000     6.081   856.020    60.925  9000.000  9000.000   444.420   445.630     0.00000
18.6       69.886   209.250     1.000     6.371   911.690    61.745  9000.000  9000.000   446.510   447.720     0.00000
18.7       68.757   209.510     1.000     6.550   952.630    62.587  9000.000  9000.000   449.140   450.360     0.00000
18.8       67.633   209.550     1.000     6.740   996.550    63.453  9000.000  9000.000   451.340   452.580     0.00000
18.9       66.600   209.750     1.000     7.120  1069.100    64.367  9000.000  9000.000   453.760   455.010     0.00000
19.0       65.500   210.350     1.000     8.152  1244.500    65.410  9000.000  9000.000   457.220   458.490     0.00000
19.1       64.457   210.050     1.000     8.669  1344.900    66.521  9000.000  9000.000   458.660   459.950     0.00000
19.2       63.400   210.250     1.000     8.830  1392.700    67.652  9000.000  9000.000   461.260   462.570     0.00000
19.3       62.388   210.150     1.000     8.652  1386.900    68.761  9000.000  9000.000   463.160   464.480     0.00000
19.4       61.357   211.240     1.000     8.954  1459.400    69.902  9000.000  9000.000   467.770   469.110     0.00000
19.5       60.400   212.920     1.000    10.640  1761.600    71.248  9000.000  9000.000   473.630   474.990     0.00000
19.6       59.400   213.050     1.000    12.580  2117.800    72.838  9000.000  9000.000   476.160   477.540     0.00000
19.7       58.500   212.880     1.000    13.358  2283.300    74.527  9000.000  9000.000   477.850   479.240     0.00000
19.8       57.500   213.250     1.000    13.660  2375.700    76.252  9000.000  9000.000   481.040   482.450     0.00000
19.9       56.633   213.280     1.000    13.823  2440.800    77.997  9000.000  9000.000   483.210   484.630     0.00000
20.0       55.725   213.150     1.000    13.823  2480.500    79.743  9000.000  9000.000   485.130   486.570     0.00000
20.1       54.886   213.150     1.000    13.951  2541.900    81.506  9000.000  9000.000   487.230   488.690     0.00000
20.2       54.000   213.450     1.000    14.114  2613.800    83.286  9000.000  9000.000   490.190   491.660     0.00000
20.3       53.129   213.520     1.000    13.803  2598.000    85.027  9000.000  9000.000   492.630   494.110     0.00000
20.4       52.263   214.130     1.000    12.251  2344.200    86.567  9000.000  9000.000   496.340   497.840     0.00000
20.5       51.475   213.820     1.000    12.200  2370.100    88.104  9000.000  9000.000   497.790   499.310     0.00000
20.6       50.629   213.650     1.000    12.123  2394.500    89.632  9000.000  9000.000   499.740   501.270     0.00000
20.7       49.814   213.750     1.000    11.624  2333.500    91.096  9000.000  9000.000   502.290   503.840     0.00000
20.8       49.029   214.450     1.000    10.860  2215.000    92.459  9000.000  9000.000   506.220   507.790     0.00000
20.9       48.300   213.950     1.000    10.887  2254.100    93.830  9000.000  9000.000   507.200   508.780     0.00000
21.0       47.500   214.550     1.000    11.220  2362.100    95.238  9000.000  9000.000   511.040   512.650     0.00000
21.1       46.800   215.160     1.000    11.806  2522.600    96.715  9000.000  9000.000   514.680   516.300     0.00000
21.2       46.000   215.300     1.000    11.973  2602.700    98.212  9000.000  9000.000   517.540   519.180     0.00000
21.3       45.289   215.550     1.000    13.086  2889.400    99.847  9000.000  9000.000   520.450   522.110     0.00000
21.4       44.587   215.550     1.000    14.009  3141.900   101.597  9000.000  9000.000   522.760   524.440     0.00000
21.5       43.900   215.350     1.000    14.570  3318.900   103.419  9000.000  9000.000   524.600   526.290     0.00000
21.6       43.200   214.910     1.000    15.169  3511.300   105.319  9000.000  9000.000   525.930   527.640     0.00000
21.7       42.500   215.350     1.000    16.051  3776.800   107.326  9000.000  9000.000   529.460   531.190     0.00000
21.8       41.837   215.710     1.000    16.253  3884.700   109.355  9000.000  9000.000   532.730   534.480     0.00000
21.9       41.200   215.850     1.000    16.321  3961.400   111.391  9000.000  9000.000   535.410   537.170     0.00000
22.0       40.500   215.750     1.000    16.100  3975.300   113.400  9000.000  9000.000   537.780   539.560     0.00000
22.1       39.900   215.450     1.000    15.500  3884.700   115.338  9000.000  9000.000   539.320   541.110     0.00000
22.2       39.263   215.150     1.000    15.282  3892.400   117.250  9000.000  9000.000   541.040   542.850     0.00000
22.3       38.671   215.050     1.000    14.301  3698.200   119.041  9000.000  9000.000   543.130   544.960     0.00000
22.4       38.014   214.750     1.000    14.039  3693.000   120.801  9000.000  9000.000   545.030   546.870     0.00000
22.5       37.467   215.580     1.000    14.547  3882.600   122.618  9000.000  9000.000   549.410   551.280     0.00000
22.6       36.886   215.550     1.000    15.721  4262.200   124.582  9000.000  9000.000   551.780   553.660     0.00000
22.7       36.278   215.950     1.000    15.922  4389.000   126.567  9000.000  9000.000   555.420   557.330     0.00000
22.8       35.700   216.450     1.000    15.730  4406.200   128.524  9000.000  9000.000   559.260   561.190     0.00000
22.9       35.186   216.550     1.000    15.644  4446.200   130.469  9000.000  9000.000   561.840   563.790     0.00001
23.0       34.600   216.820     1.000    15.620  4514.500   132.409  9000.000  9000.000   565.230   567.200     0.00001
23.1       34.078   216.430     1.000    15.537  4559.200   134.342  9000.000  9000.000   566.660   568.640     0.00001
23.2       33.500   216.050     1.000    15.710  4689.600   136.300  9000.000  9000.000   568.430   570.430     0.00001
23.3       33.000   215.850     1.000    15.310  4639.400   138.210  9000.000  9000.000   570.350   572.360     0.00001
23.4       32.487   215.750     1.000    14.980  4611.000   140.079  9000.000  9000.000   572.630   574.660     0.00001
23.5       32.000   216.620     1.000    14.911  4659.800   141.933  9000.000  9000.000   577.430   579.490     0.00001
23.6       31.460   216.950     1.000    14.938  4748.300   143.787  9000.000  9000.000   581.110   583.200     0.00001
23.7       31.000   217.450     1.000    14.890  4803.200   145.631  9000.000  9000.000   584.900   587.010     0.00001
23.8       30.500   217.720     1.000    14.830  4862.300   147.465  9000.000  9000.000   588.330   590.470     0.00001
23.9       30.000   218.050     1.000    14.650  4883.300   149.274  9000.000  9000.000   592.010   594.180     0.00001
24.0       29.567   218.250     1.000    14.437  4882.800   151.055  9000.000  9000.000   595.020   597.200     0.00001
24.1       29.100   217.850     1.000    14.195  4878.000   152.810  9000.000  9000.000   596.630   598.820     0.00001
24.2       28.611   217.460     1.000    13.981  4886.600   154.541  9000.000  9000.000   598.440   600.650     0.00001
24.3       28.200   217.050     1.000    13.841  4908.100   156.258  9000.000  9000.000   599.780   602.000     0.00001
24.4       27.800   216.950     1.000    13.700  4928.100   157.958  9000.000  9000.000   601.950   604.190     0.00001
24.5       27.320   217.150     1.000    13.782  5044.700   159.667  9000.000  9000.000   605.500   607.770     0.00001
24.6       26.900   217.160     1.000    13.617  5062.100   161.356  9000.000  9000.000   608.220   610.500     0.00001
24.7       26.500   217.450     1.000    13.563  5117.900   163.035  9000.000  9000.000   611.620   613.930     0.00001
24.8       26.100   217.450     1.000    13.550  5191.600   164.713  9000.000  9000.000   614.280   616.610     0.00001
24.9       25.663   217.110     1.000    13.580  5291.800   166.397  9000.000  9000.000   616.280   618.630     0.00001
25.0       25.287   217.050     1.000    13.438  5313.900   168.064  9000.000  9000.000   618.690   621.060     0.00001
25.1       24.900   217.040     1.000    13.468  5408.700   169.735  9000.000  9000.000   621.390   623.780     0.00001
25.2       24.500   217.040     1.000    13.579  5542.300   171.420  9000.000  9000.000   624.250   626.670     0.00001
25.3       24.100   217.550     1.000    13.666  5670.600   173.111  9000.000  9000.000   628.670   631.120     0.00001
25.4       23.700   217.550     1.000    13.645  5757.400   174.800  9000.000  9000.000   631.680   634.150     0.00001
25.5       23.350   217.550     1.000    13.490  5777.300   176.470  9000.000  9000.000   634.360   636.850     0.00001
25.6       23.000   217.250     1.000    13.240  5756.500   178.111  9000.000  9000.000   636.220   638.720     0.00001
25.7       22.600   217.550     1.000    13.005  5754.400   179.720  9000.000  9000.000   640.290   642.820     0.00001
25.8       22.300   217.550     1.000    12.693  5692.100   181.291  9000.000  9000.000   642.730   645.280     0.00001
25.9       21.900   217.350     1.000    12.260  5598.200   182.810  9000.000  9000.000   645.460   648.030     0.00001
26.0       21.600   217.450     1.000    11.861  5491.300   184.279  9000.000  9000.000   648.300   650.900     0.00001
26.1       21.300   217.550     1.000    11.870  5572.800   185.748  9000.000  9000.000   651.180   653.810     0.00001
26.2       20.900   218.350     1.000    11.505  5504.800   187.167  9000.000  9000.000   657.120   659.780     0.00001
26.3       20.600   218.550     1.000    11.410  5538.800   188.573  9000.000  9000.000   660.430   663.130     0.00001
26.4       20.300   218.150     1.000    11.352  5592.000   189.974  9000.000  9000.000   661.980   664.690     0.00001
26.5       19.978   218.430     1.000    11.048  5530.000   191.336  9000.000  9000.000   665.860   668.590     0.00001
26.6       19.675   218.770     1.000    10.545  5359.600   192.634  9000.000  9000.000   669.820   672.590     0.00001
26.7       19.300   219.260     1.000    10.490  5435.200   193.922  9000.000  9000.000   675.000   677.810     0.00001
26.8       19.045   219.800     1.000    10.351  5434.800   195.190  9000.000  9000.000   679.210   682.050     0.00001
26.9       18.733   219.850     1.000    10.253  5473.300   196.446  9000.000  9000.000   682.580   685.460     0.00001
27.0       18.500   220.250     1.000    10.204  5515.800   197.693  9000.000  9000.000   686.270   689.170     0.00002
27.1       18.200   220.250     1.000    10.210  5609.900   198.942  9000.000  9000.000   689.470   692.400     0.00002
27.2       17.900   220.330     1.000    10.322  5766.200   200.203  9000.000  9000.000   692.990   695.950     0.00002
27.3       17.600   220.150     1.000    10.198  5794.300   201.450  9000.000  9000.000   695.770   698.760     0.00002
27.4       17.343   219.850     1.000    10.029  5782.500   202.679  9000.000  9000.000   697.740   700.740     0.00002
27.5       17.100   219.850     1.000     9.885  5780.700   203.889  9000.000  9000.000   700.550   703.580     0.00002
27.6       16.800   220.050     1.000     9.664  5752.200   205.072  9000.000  9000.000   704.730   707.790     0.00002
27.7       16.600   219.950     1.000     9.590  5777.100   206.246  9000.000  9000.000   706.820   709.900     0.00002
27.8       16.300   219.490     1.000     9.636  5911.300   207.428  9000.000  9000.000   709.000   712.100     0.00002
27.9       16.100   219.530     1.000     9.693  6020.700   208.617  9000.000  9000.000   711.630   714.750     0.00002
28.0       15.800   219.440     1.000     9.627  6092.800   209.798  9000.000  9000.000   715.170   718.320     0.00002
28.1       15.600   220.050     1.000     9.400  6025.600   210.948  9000.000  9000.000   719.770   722.960     0.00002
28.2       15.300   220.250     1.000     9.180  6000.000   212.070  9000.000  9000.000   724.420   727.650     0.00002
28.3       15.100   220.450     1.000     8.967  5938.500   213.166  9000.000  9000.000   727.800   731.060     0.00002
28.4       14.850   220.150     1.000     8.850  5959.600   214.248  9000.000  9000.000   730.270   733.550     0.00002
28.5       14.600   220.190     1.000     8.647  5922.400   215.306  9000.000  9000.000   733.960   737.270     0.00002
28.6       14.400   220.350     1.000     8.600  5972.200   216.356  9000.000  9000.000   737.370   740.710     0.00002
28.7       14.200   220.250     1.000     8.444  5946.700   217.389  9000.000  9000.000   739.980   743.340     0.00002
28.8       14.000   219.950     1.000     8.350  5964.300   218.411  9000.000  9000.000   741.960   745.350     0.00002
28.9       13.725   220.150     1.000     8.290  6040.100   219.425  9000.000  9000.000   746.840   750.270     0.00002
29.0       13.550   219.950     1.000     8.175  6033.200   220.426  9000.000  9000.000   748.900   752.350     0.00002
29.1       13.300   220.670     1.000     8.145  6124.300   221.420  9000.000  9000.000   755.350   758.860     0.00002
29.2       13.100   220.950     1.000     7.990  6099.200   222.393  9000.000  9000.000   759.570   763.120     0.00002
29.3       12.900   220.820     1.000     7.870  6100.800   223.353  9000.000  9000.000   762.450   766.020     0.00002
29.4       12.700   220.850     1.000     7.866  6193.700   224.312  9000.000  9000.000   765.970   769.570     0.00002
29.5       12.500   221.020     1.000     7.820  6256.000   225.265  9000.000  9000.000   770.040   773.690     0.00002
29.6       12.300   221.350     1.000     7.516  6110.800   226.179  9000.000  9000.000   774.730   778.420     0.00003
29.7       12.129   221.750     1.000     7.400  6101.300   227.078  9000.000  9000.000   779.240   782.980     0.00003
29.8       12.000   221.650     1.000     7.572  6310.000   227.997  9000.000  9000.000   781.260   785.010     0.00003
29.9       11.800   222.150     1.000     7.757  6573.800   228.938  9000.000  9000.000   786.780   790.590     0.00003
30.0       11.600   222.550     1.000     7.767  6695.800   229.877  9000.000  9000.000   792.040   795.910     0.00003
30.1       11.400   222.250     1.000     7.585  6653.500   230.796  9000.000  9000.000   794.900   798.790     0.00003
30.2       11.262   222.010     1.000     7.022  6235.300   231.648  9000.000  9000.000   796.800   800.710     0.00003
30.3       11.100   222.220     1.000     6.780  6108.100   232.470  9000.000  9000.000   800.840   804.790     0.00003
30.4       10.900   222.350     1.000     6.686  6133.500   233.279  9000.000  9000.000   805.480   809.480     0.00003
30.5       10.700   222.850     1.000     6.794  6349.300   234.100  9000.000  9000.000   811.560   815.630     0.00004
30.6       10.600   222.750     1.000     6.770  6386.800   234.918  9000.000  9000.000   813.370   817.460     0.00004
30.7       10.400   223.000     1.000     6.680  6423.100   235.725  9000.000  9000.000   818.730   822.870     0.00004
30.8       10.290   223.640     1.000     6.549  6364.400   236.514  9000.000  9000.000   823.560   827.760     0.00004
30.9       10.100   223.850     1.000     6.452  6388.600   237.290  9000.000  9000.000   828.720   832.980     0.00004
31.0        9.957   224.050     1.000     6.366  6393.100   238.055  9000.000  9000.000   832.830   837.140     0.00004
31.1        9.800   224.150     1.000     6.190  6316.300   238.798  9000.000  9000.000   836.980   841.340     0.00005
31.2        9.700   224.340     1.000     6.060  6247.400   239.526  9000.000  9000.000   840.150   844.540     0.00005
31.3        9.500   224.820     1.000     5.930  6242.100   240.236  9000.000  9000.000   846.970   851.450     0.00005
31.4        9.400   225.010     1.000     5.800  6170.200   240.930  9000.000  9000.000   850.230   854.750     0.00005
31.5        9.200   225.450     1.000     5.790  6293.500   241.621  9000.000  9000.000   857.130   861.740     0.00006
31.6        9.100   225.750     1.000     5.580  6131.900   242.287  9000.000  9000.000   860.940   865.610     0.00006
31.7        8.940   226.210     1.000     5.416  6058.200   242.932  9000.000  9000.000   867.070   871.820     0.00006
31.8        8.800   226.060     1.000     5.311  6035.100   243.564  9000.000  9000.000   870.390   875.170     0.00006
31.9        8.700   226.390     1.000     5.290  6080.500   244.193  9000.000  9000.000   874.520   879.360     0.00007
32.0        8.567   225.880     1.000     5.160  6023.300   244.809  9000.000  9000.000   876.400   881.250     0.00006
32.1        8.400   225.250     1.000     5.038  5997.800   245.411  9000.000  9000.000   878.850   883.690     0.00006
32.2        8.300   224.820     1.000     4.967  5983.900   246.006  9000.000  9000.000   880.150   885.000     0.00006
32.3        8.200   224.690     1.000     4.890  5963.400   246.592  9000.000  9000.000   882.690   887.560     0.00006
32.4        8.050   224.350     1.000     4.820  5987.600   247.170  9000.000  9000.000   886.020   890.910     0.00006
32.5        7.900   224.390     1.000     4.766  6033.200   247.742  9000.000  9000.000   890.920   895.870     0.00006
32.6        7.800   224.020     1.000     4.663  5978.600   248.303  9000.000  9000.000   892.680   897.640     0.00006
32.7        7.700   224.860     1.000     4.553  5913.000   248.848  9000.000  9000.000   899.340   904.410     0.00006
32.8        7.600   225.840     1.000     4.520  5947.400   249.387  9000.000  9000.000   906.610   911.810     0.00007
32.9        7.500   225.750     1.000     4.530  6040.000   249.927  9000.000  9000.000   909.690   914.920     0.00007
33.0        7.300   225.250     1.000     4.450  6095.900   250.459  9000.000  9000.000   914.690   919.960     0.00007
33.1        7.200   225.090     1.000     4.364  6060.800   250.981  9000.000  9000.000   917.630   922.920     0.00007
33.2        7.100   224.550     1.000     4.250  5985.900   251.491  9000.000  9000.000   919.090   924.380     0.00007
33.3        7.000   224.310     1.000     4.220  6028.600   251.997  9000.000  9000.000   921.830   927.140     0.00007
33.4        6.900   224.930     1.000     4.110  5956.500   252.489  9000.000  9000.000   928.190   933.600     0.00007
33.5        6.800   224.550     1.000     4.130  6073.500   252.985  9000.000  9000.000   930.470   935.890     0.00007
33.6        6.700   224.650     1.000     4.070  6074.600   253.472  9000.000  9000.000   934.820   940.300     0.00007
33.7        6.600   225.050     1.000     4.030  6106.100   253.955  9000.000  9000.000   940.500   946.070     0.00008
33.8        6.500   225.510     1.000     3.960  6092.300   254.427  9000.000  9000.000   946.530   952.200     0.00008
33.9        6.400   225.350     1.000     3.910  6109.400   254.895  9000.000  9000.000   950.050   955.750     0.00008
34.0        6.300   226.150     1.000     3.882  6162.700   255.357  9000.000  9000.000   957.710   963.560     0.00009
34.1        6.200   226.220     1.000     3.850  6209.700   255.815  9000.000  9000.000   962.360   968.290     0.00009
34.2     9000.000  9000.000  9000.000  9000.000  9000.000  9000.000  9000.000  9000.000  9000.000  9000.000  9000.00000
34.3     9000.000  9000.000  9000.000  9000.000  9000.000  9000.000  9000.000  9000.000  9000.000  9000.000  9000.00000
34.4     9000.000  9000.000  9000.000  9000.000  9000.000  9000.000  9000.000  9000.000  9000.000  9000.000  9000.00000
34.5     9000.000  9000.000  9000.000  9000.000  9000.000  9000.000  9000.000  9000.000  9000.000  9000.000  9000.00000
34.6     9000.000  9000.000  9000.000  9000.000  9000.000  9000.000  9000.000  9000.000  9000.000  9000.000  9000.00000
34.7     9000.000  9000.000  9000.000  9000.000  9000.000  9000.000  9000.000  9000.000  9000.000  9000.000  9000.00000
34.8     9000.000  9000.000  9000.000  9000.000  9000.000  9000.000  9000.000  9000.000  9000.000  9000.000  9000.00000
34.9     9000.000  9000.000  9000.000  9000.000  9000.000  9000.000  9000.000  9000.000  9000.000  9000.000  9000.00000
35.0     9000.000  9000.000  9000.000  9000.000  9000.000  9000.000  9000.000  9000.000  9000.000  9000.000  9000.00000