nan nan nan nan nan nan nan nan nan
5.368999999999999062e+01 3.827500000000000000e+02 2.021199999999999761e+02 nan 2.441000000000000369e+01 4.290999999999999659e+01 1.907333333333333059e+01 1.375500000000000398e+02 1.842999999999999972e+01
5.721333333333333115e+01 3.811800000000000068e+02 2.230580000000000211e+02 8.058333333333334281e+01 1.939999999999999858e+01 3.278750000000000142e+01 1.619250000000000256e+01 3.993250000000000455e+01 1.842999999999999972e+01
6.363333333333333286e+01 3.820000000000000000e+02 2.156324999999999932e+02 2.310224999999999795e+02 2.189666666666666117e+01 6.581000000000000227e+01 4.183749999999999858e+01 3.315999999999998948e+01 1.437800000000000011e+01
5.734999999999998721e+01 3.820000000000000000e+02 1.608699999999999761e+02 2.310224999999999795e+02 1.617000000000000526e+01 2.254000000000000270e+01 1.486000000000000298e+01 3.296000000000000796e+01 1.923900000000000077e+01
5.130666666666667908e+01 3.817400000000000091e+02 1.761449999999999818e+02 7.789250000000001251e+01 2.533666666666666245e+01 3.289999999999999858e+01 1.530000000000000071e+01 3.642249999999999943e+01 1.923900000000000077e+01
5.525999999999997669e+01 3.835400000000000205e+02 1.761449999999999818e+02 1.291400000000000148e+02 4.009666666666667112e+01 1.279000000000000199e+02 8.816000000000001080e+01 2.190999999999999659e+01 1.923900000000000077e+01
5.735000000000000853e+01 3.831200000000000045e+02 2.358750000000000000e+02 1.075700000000000074e+02 4.447749999999999204e+01 5.663749999999998863e+01 3.194666666666666188e+01 9.815000000000000568e+01 1.923900000000000077e+01
5.595999999999999375e+01 3.825699999999999932e+02 2.171099999999999568e+02 1.075700000000000074e+02 2.644500000000000028e+01 9.245333333333333314e+01 4.746999999999999176e+01 8.893499999999998806e+01 1.443299999999999983e+01
6.185666666666667624e+01 3.828399999999999750e+02 2.335266666666666993e+02 1.075700000000000074e+02 4.993799999999999528e+01 9.489250000000001251e+01 5.633599999999999142e+01 1.257674999999999983e+02 1.443299999999999983e+01
6.723000000000001819e+01 3.812799999999999727e+02 2.335266666666666993e+02 1.075700000000000074e+02 4.993799999999999528e+01 9.489250000000001251e+01 5.633599999999999142e+01 1.257674999999999983e+02 1.443299999999999983e+01
6.723000000000001819e+01 3.812799999999999727e+02 2.335266666666666993e+02 1.075700000000000074e+02 4.993799999999999528e+01 9.489250000000001251e+01 5.633599999999999142e+01 1.257674999999999983e+02 1.665999999999999925e+00
6.723000000000001819e+01 3.812799999999999727e+02 2.335266666666666993e+02 1.075700000000000074e+02 4.993799999999999528e+01 9.489250000000001251e+01 5.633599999999999142e+01 1.257674999999999983e+02 1.842999999999999972e+01
6.630999999999998806e+01 3.811800000000000068e+02 1.953299999999999841e+02 1.075700000000000074e+02 8.073999999999999488e+01 2.127999999999999403e+01 1.669000000000000128e+01 1.572000000000000419e+01 1.842999999999999972e+01
5.571499999999999631e+01 3.820000000000000000e+02 1.735500000000000114e+02 1.183799999999999955e+02 2.322999999999999687e+01 5.099249999999999972e+01 2.496000000000000085e+01 5.335333333333333172e+01 1.555300000000000082e+01
5.600000000000000000e+01 3.820000000000000000e+02 1.735500000000000114e+02 3.571000000000000796e+01 3.095500000000000185e+01 3.802999999999999403e+01 2.615499999999999403e+01 6.517499999999999716e+01 1.555300000000000082e+01
5.600000000000000000e+01 3.817400000000000091e+02 1.924099999999999682e+02 3.571000000000000796e+01 3.095500000000000185e+01 1.145300000000000153e+02 6.893000000000002103e+01 6.517499999999999716e+01 1.555300000000000082e+01
6.326749999999999829e+01 3.835400000000000205e+02 1.898566666666666833e+02 8.090500000000000114e+01 5.089000000000000057e+01 7.937749999999998352e+01 5.045000000000000284e+01 1.080349999999999966e+02 1.555300000000000082e+01
6.423999999999999488e+01 3.831200000000000045e+02 1.816649999999999920e+02 3.821000000000000796e+01 1.880666666666666487e+01 2.716666666666667140e+01 1.170500000000000185e+01 1.698000000000000398e+01 1.555300000000000082e+01
7.245500000000001251e+01 3.825699999999999932e+02 3.063450000000000273e+02 3.821000000000000796e+01 3.959000000000001052e+01 9.176000000000000512e+01 5.472000000000000597e+01 1.262999999999999972e+02 1.586400000000000077e+01
7.245500000000001251e+01 3.825849999999999795e+02 1.614099999999999682e+02 3.821000000000000796e+01 1.183000000000000185e+01 7.053000000000000114e+01 1.237500000000000000e+01 2.162749999999999773e+01 1.586400000000000077e+01
5.724500000000000455e+01 3.812799999999999727e+02 1.614099999999999682e+02 3.821000000000000796e+01 1.183000000000000185e+01 7.053000000000000114e+01 1.237500000000000000e+01 2.162749999999999773e+01 1.586400000000000077e+01
5.724500000000000455e+01 3.812799999999999727e+02 1.614099999999999682e+02 3.821000000000000796e+01 1.183000000000000185e+01 7.053000000000000114e+01 1.237500000000000000e+01 2.162749999999999773e+01 1.722749999999999915e+01
5.538250000000000739e+01 3.827500000000000000e+02 1.718849999999999909e+02 1.768833333333333542e+02 2.901000000000000512e+01 8.478666666666667595e+01 2.528666666666665819e+01 7.896750000000000114e+01 1.345299999999999940e+01
5.594000000000001194e+01 3.821666666666666856e+02 1.726850000000000023e+02 1.340000000000000000e+02 2.233999999999999275e+01 3.512000000000000455e+01 2.007499999999999929e+01 7.875000000000000000e+01 1.345299999999999940e+01
5.681500000000001194e+01 3.820000000000000000e+02 1.580933333333333337e+02 2.814500000000000313e+01 2.521749999999999758e+01 6.370199999999999818e+01 1.591999999999999815e+01 3.744500000000000739e+01 1.555300000000000082e+01
5.142499999999999716e+01 3.819700000000000273e+02 1.580933333333333337e+02 1.555266666666666424e+02 2.575249999999999773e+01 6.510666666666669755e+01 4.937999999999999545e+01 6.487000000000000455e+01 2.453000000000000114e+01
6.032000000000000739e+01 3.817400000000000091e+02 1.566475000000000080e+02 3.812749999999999773e+01 1.722500000000000142e+01 2.988000000000000611e+01 1.453000000000000469e+01 2.270333333333333670e+01 2.453000000000000114e+01
5.367666666666664810e+01 3.835400000000000205e+02 1.650700000000000216e+02 1.534100000000000250e+02 4.084333333333332661e+01 6.227999999999998693e+01 3.189333333333333442e+01 8.826333333333332121e+01 2.453000000000000114e+01
5.963000000000000256e+01 3.869200000000000159e+02 1.623799999999999955e+02 2.578299999999999841e+02 3.819500000000000028e+01 9.037999999999998124e+01 4.218666666666666032e+01 1.016933333333333707e+02 2.174899999999999878e+01
6.010000000000000142e+01 3.825699999999999932e+02 1.881033333333332962e+02 2.578299999999999841e+02 4.499750000000000227e+01 8.217333333333330359e+01 2.418666666666666387e+01 4.031333333333332547e+01 2.074699999999999989e+01
4.985499999999999687e+01 3.825000000000000000e+02 1.453249999999999886e+02 2.578299999999999841e+02 1.499000000000000377e+01 2.917999999999999972e+01 1.682500000000000284e+01 2.772249999999999659e+01 2.074699999999999989e+01
4.998000000000000398e+01 3.812799999999999727e+02 1.453249999999999886e+02 2.578299999999999841e+02 1.499000000000000377e+01 2.917999999999999972e+01 1.682500000000000284e+01 2.772249999999999659e+01 2.074699999999999989e+01
4.998000000000000398e+01 3.812799999999999727e+02 1.453249999999999886e+02 2.578299999999999841e+02 1.499000000000000377e+01 2.917999999999999972e+01 1.682500000000000284e+01 2.772249999999999659e+01 2.074699999999999989e+01
6.559666666666664980e+01 3.827500000000000000e+02 2.208733333333333633e+02 3.801000000000000227e+02 3.128500000000000369e+01 8.428000000000000114e+01 4.843999999999999773e+01 1.215899999999999892e+02 2.480000000000000071e+01
6.394333333333334224e+01 3.826600000000000250e+02 2.248249999999999886e+02 1.316699999999999875e+02 4.013499999999999801e+01 4.003666666666667595e+01 2.196333333333332760e+01 6.367249999999999943e+01 2.162800000000000011e+01
6.588333333333335418e+01 3.820000000000000000e+02 2.188766666666667220e+02 2.074966666666666413e+02 6.427000000000001023e+01 9.301333333333332121e+01 4.847666666666668078e+01 1.506650000000000205e+02 2.259799999999999898e+01
6.173666666666667879e+01 3.819700000000000273e+02 2.188766666666667220e+02 2.074966666666666413e+02 6.427000000000001023e+01 9.301333333333332121e+01 4.847666666666668078e+01 1.506650000000000205e+02 2.259799999999999898e+01
6.887000000000000455e+01 3.819700000000000273e+02 2.414099999999999966e+02 4.189000000000000057e+01 5.764500000000000313e+01 7.947999999999998977e+01 4.739500000000000313e+01 1.318199999999999932e+02 2.259799999999999898e+01
6.676999999999999602e+01 3.835400000000000205e+02 2.414099999999999966e+02 4.189000000000000057e+01 5.764500000000000313e+01 7.947999999999998977e+01 4.739500000000000313e+01 1.318199999999999932e+02 2.259799999999999898e+01
6.835666666666664071e+01 3.907200000000000273e+02 1.878574999999999875e+02 2.582000000000000028e+01 4.841249999999998721e+01 2.803999999999999915e+01 1.314499999999999957e+01 1.009300000000000210e+02 1.372300000000000075e+01
6.803000000000001535e+01 3.825699999999999932e+02 2.716274999999999409e+02 2.582000000000000028e+01 7.635999999999997101e+01 7.476666666666669414e+01 3.335333333333333172e+01 1.023133333333333042e+02 2.646000000000000085e+01
5.783333333333334991e+01 3.825000000000000000e+02 2.106900000000000261e+02 2.582000000000000028e+01 6.903333333333333144e+01 4.271000000000000085e+01 4.032666666666666089e+01 1.283675000000000068e+02 2.646000000000000085e+01
5.735999999999999233e+01 3.812799999999999727e+02 2.106900000000000261e+02 2.582000000000000028e+01 6.903333333333333144e+01 4.271000000000000085e+01 4.032666666666666089e+01 1.283675000000000068e+02 2.646000000000000085e+01
5.735999999999999233e+01 3.812799999999999727e+02 2.106900000000000261e+02 2.582000000000000028e+01 6.903333333333333144e+01 4.271000000000000085e+01 4.032666666666666089e+01 1.283675000000000068e+02 1.199200000000000088e+01
7.223999999999999488e+01 3.812799999999999727e+02 2.196750000000000114e+02 2.275999999999999801e+01 2.323000000000000398e+01 7.531000000000000227e+01 4.010999999999999943e+01 2.982000000000000384e+01 2.458399999999999963e+01
5.463000000000000966e+01 3.826600000000000250e+02 2.506400000000000148e+02 4.012999999999999545e+01 4.396999999999999886e+01 1.049799999999999898e+02 3.147000000000000597e+01 1.197849999999999966e+02 2.613150000000000261e+01
6.354000000000000625e+01 3.820000000000000000e+02 1.813200000000000216e+02 1.306300000000000239e+02 7.155333333333334167e+01 7.200499999999999545e+01 5.382999999999999829e+01 1.581850000000000023e+02 2.396000000000000085e+01
6.354000000000000625e+01 3.820000000000000000e+02 1.813200000000000216e+02 1.306300000000000239e+02 7.155333333333334167e+01 7.200499999999999545e+01 5.382999999999999829e+01 1.581850000000000023e+02 2.776650000000000063e+01
6.354000000000000625e+01 3.820000000000000000e+02 1.813200000000000216e+02 1.306300000000000239e+02 7.155333333333334167e+01 7.200499999999999545e+01 5.382999999999999829e+01 1.581850000000000023e+02 2.776650000000000063e+01
5.702750000000001052e+01 3.820099999999999909e+02 2.049333333333332803e+02 1.777500000000000000e+02 3.258666666666666600e+01 4.450999999999999801e+01 3.238500000000000512e+01 8.640999999999999659e+01 2.776650000000000063e+01
6.470000000000000284e+01 3.907200000000000273e+02 2.069899999999999523e+02 1.673899999999999579e+02 4.659399999999999409e+01 5.833333333333333570e+01 2.841333333333334465e+01 1.058979999999999677e+02 2.489900000000000091e+01
5.183999999999999631e+01 3.827620000000000005e+02 2.345224999999999795e+02 1.673899999999999579e+02 4.578750000000000853e+01 3.183333333333333925e+01 1.232499999999999929e+01 8.578499999999999659e+01 3.067249999999999943e+01
5.794500000000000739e+01 3.825000000000000000e+02 2.513880000000000052e+02 1.673899999999999579e+02 3.327749999999999631e+01 7.049999999999998579e+01 2.683999999999999986e+01 7.936000000000001364e+01 3.067249999999999943e+01
5.739333333333332376e+01 3.830400000000000205e+02 2.513880000000000052e+02 1.673899999999999579e+02 3.327749999999999631e+01 7.049999999999998579e+01 2.683999999999999986e+01 7.936000000000001364e+01 3.067249999999999943e+01
5.739333333333332376e+01 3.830400000000000205e+02 2.513880000000000052e+02 1.673899999999999579e+02 3.327749999999999631e+01 7.049999999999998579e+01 2.683999999999999986e+01 7.936000000000001364e+01 1.937049999999999983e+01
6.245250000000000057e+01 3.827500000000000000e+02 2.347649999999999579e+02 2.033149999999999977e+02 2.831499999999999773e+01 5.056249999999999289e+01 2.339249999999999829e+01 7.642249999999998522e+01 2.505566666666666720e+01
6.947499999999999432e+01 3.826600000000000250e+02 2.926050000000000182e+02 2.852999999999999403e+01 8.139000000000001478e+01 5.056249999999999289e+01 2.339249999999999829e+01 2.001399999999999579e+02 2.505566666666666720e+01
5.612999999999998835e+01 3.817500000000000000e+02 2.280240000000000862e+02 7.444400000000001683e+01 1.807333333333333769e+01 4.567999999999998550e+01 2.597250000000000369e+01 2.594750000000000156e+01 3.502799999999999869e+01
5.612999999999998835e+01 3.817500000000000000e+02 2.280240000000000862e+02 7.444400000000001683e+01 1.807333333333333769e+01 4.567999999999998550e+01 2.597250000000000369e+01 2.594750000000000156e+01 2.387500000000000000e+01
5.787666666666667226e+01 3.835799999999999841e+02 2.573949999999999818e+02 1.660033333333334156e+02 2.710000000000000497e+01 4.340999999999998948e+01 2.369000000000000128e+01 5.282000000000000739e+01 2.387500000000000000e+01
5.998499999999999233e+01 3.815000000000000000e+02 2.320300000000000011e+02 1.341166666666666458e+02 3.105999999999999517e+01 5.688666666666665606e+01 2.278999999999999915e+01 1.092933333333333366e+02 2.387500000000000000e+01
6.240999999999998948e+01 3.907200000000000273e+02 2.677916666666666856e+02 1.108349999999999937e+02 4.078600000000000136e+01 7.320249999999998636e+01 2.647333333333333627e+01 8.306399999999997874e+01 2.964025000000000176e+01
6.547666666666667368e+01 3.828100000000000023e+02 2.515400000000000205e+02 1.108349999999999937e+02 6.243666666666664611e+01 6.867000000000000171e+01 4.079666666666668817e+01 1.117049999999999983e+02 3.161925000000000097e+01
5.687999999999999545e+01 3.825000000000000000e+02 2.749766666666666310e+02 1.108349999999999937e+02 1.678999999999999915e+01 4.401333333333333542e+01 2.175333333333333030e+01 3.612499999999998579e+01 3.161925000000000097e+01
6.722000000000001307e+01 3.830400000000000205e+02 2.749766666666666310e+02 1.108349999999999937e+02 1.678999999999999915e+01 4.401333333333333542e+01 2.175333333333333030e+01 3.612499999999998579e+01 3.161925000000000097e+01
6.722000000000001307e+01 3.830400000000000205e+02 2.749766666666666310e+02 1.108349999999999937e+02 1.678999999999999915e+01 4.401333333333333542e+01 2.175333333333333030e+01 3.612499999999998579e+01 3.161925000000000097e+01
6.534000000000000341e+01 3.824360000000000355e+02 2.875175000000000409e+02 1.337199999999999704e+02 6.024750000000000227e+01 8.568333333333333712e+01 4.808666666666666600e+01 1.184249999999999972e+02 2.395100000000000051e+01
6.398499999999999233e+01 3.826600000000000250e+02 3.210975000000000250e+02 9.428499999999999659e+01 3.529999999999999716e+01 4.882249999999999801e+01 2.324749999999999872e+01 5.951000000000000512e+01 3.697599999999999909e+01
6.623499999999998522e+01 3.817500000000000000e+02 2.775275000000000318e+02 1.786049999999999613e+02 5.506333333333331836e+01 7.136250000000001137e+01 3.358500000000000085e+01 1.193633333333333582e+02 3.196366666666666845e+01
6.623499999999998522e+01 3.817500000000000000e+02 2.775275000000000318e+02 1.786049999999999613e+02 5.506333333333331836e+01 7.136250000000001137e+01 3.358500000000000085e+01 1.193633333333333582e+02 3.196366666666666845e+01
7.054000000000000625e+01 3.835799999999999841e+02 2.770249999999999773e+02 1.961633333333333269e+02 3.041666666666666075e+01 6.001666666666666572e+01 2.938333333333333641e+01 8.834499999999999886e+01 3.196366666666666845e+01
7.237250000000000227e+01 3.815000000000000000e+02 2.195400000000000205e+02 3.841499999999999204e+02 4.693499999999999517e+01 7.775000000000000000e+01 3.870000000000000284e+01 6.482499999999998863e+01 3.196366666666666845e+01
6.134333333333334082e+01 3.888100000000000023e+02 2.257033333333333189e+02 1.140649999999999835e+02 5.177499999999999858e+01 5.602499999999999858e+01 2.192999999999999972e+01 1.339766666666666595e+02 3.792333333333333911e+01
7.116999999999998749e+01 3.828100000000000023e+02 2.695349999999999682e+02 1.140649999999999835e+02 2.963999999999999702e+01 7.582000000000000739e+01 4.341666666666665719e+01 1.141724999999999852e+02 3.013675000000000281e+01
6.285750000000001592e+01 3.821299999999999955e+02 2.695349999999999682e+02 1.140649999999999835e+02 2.963999999999999702e+01 7.582000000000000739e+01 4.341666666666665719e+01 1.141724999999999852e+02 3.013675000000000281e+01
6.132333333333334480e+01 3.830400000000000205e+02 2.695349999999999682e+02 1.140649999999999835e+02 2.963999999999999702e+01 7.582000000000000739e+01 4.341666666666665719e+01 1.141724999999999852e+02 3.013675000000000281e+01
7.207999999999999829e+01 3.823999999999999773e+02 3.426350000000000477e+02 4.139999999999999147e+01 6.964000000000001478e+01 1.812000000000000099e+01 1.193000000000000149e+01 1.608999999999999631e+01 3.013675000000000281e+01
6.907499999999998863e+01 3.823999999999999773e+02 2.900149999999999864e+02 4.870999999999999375e+01 2.066000000000000014e+01 3.928500000000000369e+01 2.074499999999999744e+01 8.207999999999999829e+01 3.013675000000000281e+01
7.152750000000000341e+01 3.825280000000000200e+02 3.092875000000000227e+02 1.648266666666667106e+02 8.915000000000000568e+01 1.385933333333333621e+02 5.660250000000000625e+01 1.298499999999999943e+02 3.013675000000000281e+01
7.152750000000000341e+01 3.825280000000000200e+02 3.092875000000000227e+02 1.648266666666667106e+02 8.915000000000000568e+01 1.385933333333333621e+02 5.660250000000000625e+01 1.298499999999999943e+02 3.060275000000000034e+01
7.113250000000000739e+01 3.819700000000000273e+02 2.977850000000000250e+02 1.279566666666666919e+02 3.308666666666667311e+01 6.468999999999998352e+01 4.603999999999999915e+01 3.555333333333333456e+01 3.268574999999999875e+01
6.753000000000001535e+01 3.835799999999999841e+02 2.728419999999999845e+02 6.972999999999998977e+01 4.654000000000000625e+01 1.139000000000000341e+02 9.164000000000001478e+01 8.343249999999999034e+01 3.268574999999999875e+01
7.045500000000001251e+01 3.815000000000000000e+02 2.640199999999999818e+02 1.179999999999999716e+02 4.567000000000000171e+01 6.600250000000001194e+01 2.629750000000000298e+01 7.820250000000000057e+01 2.781433333333333380e+01
7.040599999999999170e+01 3.830799999999999841e+02 2.807720000000000482e+02 2.431466666666667038e+02 4.522599999999998488e+01 7.121250000000000568e+01 3.358399999999999608e+01 8.356000000000000227e+01 2.803425000000000367e+01
6.919800000000000750e+01 3.828100000000000023e+02 2.826039999999999281e+02 2.431466666666667038e+02 2.786749999999999972e+01 7.637250000000000227e+01 3.321249999999999858e+01 1.714499999999999957e+01 3.032550000000000168e+01
6.810999999999999943e+01 3.821299999999999955e+02 2.826039999999999281e+02 2.431466666666667038e+02 2.786749999999999972e+01 7.637250000000000227e+01 3.321249999999999858e+01 1.714499999999999957e+01 3.032550000000000168e+01
6.550333333333333030e+01 3.830400000000000205e+02 2.826039999999999281e+02 2.431466666666667038e+02 2.786749999999999972e+01 7.637250000000000227e+01 3.321249999999999858e+01 1.714499999999999957e+01 3.032550000000000168e+01
7.712333333333329222e+01 3.823999999999999773e+02 3.374550000000000409e+02 1.772900000000000205e+02 5.277999999999999403e+01 1.031500000000000057e+02 3.975999999999999801e+01 2.816000000000000369e+01 3.032550000000000168e+01
8.073333333333333428e+01 3.811800000000000068e+02 3.374550000000000409e+02 1.709500000000000739e+02 1.913000000000000256e+01 4.481000000000000227e+01 4.982333333333334480e+01 5.791499999999998494e+01 3.032550000000000168e+01
7.119599999999999795e+01 3.820000000000000000e+02 3.256825000000000045e+02 1.244879999999999995e+02 3.181250000000000000e+01 5.790399999999999636e+01 2.883199999999999719e+01 8.424749999999998806e+01 3.032550000000000168e+01
6.155499999999999261e+01 3.820000000000000000e+02 2.236599999999999966e+02 2.494999999999999574e+01 1.247000000000000064e+01 1.822000000000000597e+01 1.061999999999999922e+01 1.494999999999999929e+01 2.422400000000000020e+01
7.625000000000000000e+01 3.819700000000000273e+02 3.117666666666667084e+02 4.479666666666665265e+01 4.827999999999999403e+01 6.377999999999999403e+01 2.753500000000000369e+01 9.951000000000000512e+01 2.215899999999999892e+01
6.902333333333335474e+01 3.835799999999999841e+02 2.818099999999998886e+02 1.357833333333333314e+02 1.286999999999999922e+01 2.861999999999999744e+01 3.096000000000000796e+01 3.211999999999999744e+01 2.215899999999999892e+01
7.782999999999999829e+01 3.815000000000000000e+02 3.093100000000001160e+02 2.067099999999999795e+02 3.241000000000000369e+01 5.364333333333333798e+01 2.798666666666666458e+01 5.180666666666665776e+01 3.410549999999999926e+01
6.718333333333335133e+01 3.830799999999999841e+02 2.869166666666666856e+02 2.067099999999999795e+02 3.446499999999999631e+01 6.163666666666665606e+01 2.807750000000000412e+01 5.960666666666666202e+01 3.091349999999999909e+01
7.327500000000000568e+01 3.828174999999999955e+02 3.045800000000000409e+02 2.067099999999999795e+02 2.934666666666666757e+01 5.701249999999998863e+01 3.771999999999999176e+01 3.716666666666666430e+01 3.354599999999999937e+01
6.952250000000000796e+01 3.821299999999999955e+02 3.045800000000000409e+02 2.067099999999999795e+02 2.934666666666666757e+01 5.701249999999998863e+01 3.771999999999999176e+01 3.716666666666666430e+01 3.354599999999999937e+01
7.016000000000001080e+01 3.830400000000000205e+02 3.045800000000000409e+02 2.067099999999999795e+02 2.934666666666666757e+01 5.701249999999998863e+01 3.771999999999999176e+01 3.716666666666666430e+01 3.354599999999999937e+01
7.259999999999999432e+01 3.823999999999999204e+02 3.140900000000000318e+02 1.779799999999999898e+02 2.850499999999999545e+01 4.011999999999999744e+01 1.734499999999999886e+01 9.835500000000000398e+01 3.354599999999999937e+01
7.645499999999999829e+01 3.823999999999999204e+02 3.205699999999999363e+02 2.532999999999999474e+01 1.319999999999999751e+01 6.383999999999998920e+01 3.642999999999999261e+01 2.823000000000000043e+01 3.354599999999999937e+01
7.657250000000001933e+01 3.820000000000000000e+02 3.279600000000000364e+02 7.487500000000000000e+01 3.244250000000000966e+01 5.675750000000000739e+01 2.392249999999999943e+01 7.655249999999999488e+01 3.354599999999999937e+01
5.787333333333333485e+01 3.817500000000000000e+02 2.436533333333332791e+02 3.877999999999999403e+01 1.981500000000000128e+01 3.835333333333333883e+01 1.511666666666666892e+01 3.277999999999999403e+01 3.354599999999999937e+01
7.897000000000002728e+01 3.819125000000000227e+02 3.142933333333332939e+02 1.743274999999999579e+02 2.419333333333333158e+01 5.157000000000000739e+01 2.791750000000000043e+01 4.310999999999998522e+01 3.354599999999999937e+01
7.382000000000002160e+01 3.835799999999999841e+02 2.919900000000000659e+02 2.564066666666666379e+02 4.364333333333332376e+01 6.749666666666668391e+01 3.430333333333332746e+01 1.055033333333333161e+02 3.354599999999999937e+01
7.598000000000001819e+01 3.823099999999999454e+02 2.940499999999999545e+02 1.232766666666666708e+02 2.707000000000000028e+01 7.709000000000000341e+01 4.648333333333333428e+01 5.274499999999999034e+01 2.048300000000000054e+01
7.731999999999997897e+01 3.830799999999999841e+02 2.661699999999999591e+02 1.232766666666666708e+02 5.731500000000001194e+01 7.837999999999999545e+01 4.980749999999999744e+01 1.302199999999999989e+02 2.048300000000000054e+01
6.672000000000001307e+01 3.828399999999999750e+02 2.792374999999999545e+02 1.232766666666666708e+02 4.330000000000000426e+01 7.699000000000000909e+01 4.021999999999999886e+01 4.437999999999999545e+01 2.684949999999999903e+01
6.583000000000001251e+01 3.821299999999999955e+02 2.792374999999999545e+02 1.232766666666666708e+02 4.330000000000000426e+01 7.699000000000000909e+01 4.021999999999999886e+01 4.437999999999999545e+01 2.684949999999999903e+01
6.693333333333335133e+01 3.824399999999999977e+02 2.792374999999999545e+02 1.232766666666666708e+02 4.330000000000000426e+01 7.699000000000000909e+01 4.021999999999999886e+01 4.437999999999999545e+01 2.684949999999999903e+01
6.667249999999998522e+01 3.823999999999999773e+02 2.859774999999999636e+02 2.524499999999999602e+02 2.401000000000000156e+01 1.017349999999999994e+02 2.125999999999999801e+01 1.023200000000000074e+02 2.684949999999999903e+01
6.667249999999998522e+01 3.823999999999999773e+02 2.859774999999999636e+02 2.524499999999999602e+02 2.401000000000000156e+01 1.017349999999999994e+02 2.125999999999999801e+01 1.023200000000000074e+02 2.684949999999999903e+01
6.537750000000001194e+01 3.820000000000000000e+02 2.857500000000000000e+02 3.263000000000000256e+01 2.813000000000000256e+01 2.023000000000000398e+01 2.125999999999999801e+01 2.430000000000000426e+01 2.684949999999999903e+01
6.537750000000001194e+01 3.820000000000000000e+02 2.857500000000000000e+02 3.263000000000000256e+01 2.813000000000000256e+01 2.023000000000000398e+01 2.125999999999999801e+01 2.430000000000000426e+01 2.274799999999999756e+01
7.241666666666665719e+01 3.817400000000000091e+02 2.992200000000000273e+02 1.077133333333333240e+02 2.046333333333334181e+01 7.115200000000000102e+01 4.670499999999999829e+01 4.095000000000000284e+01 2.274799999999999756e+01
6.032000000000000739e+01 3.835500000000000114e+02 2.260866666666667015e+02 2.252999999999999403e+01 2.255333333333333812e+01 7.311333333333332973e+01 9.250000000000000000e+00 3.601666666666666572e+01 2.274799999999999756e+01
6.630333333333332746e+01 3.831200000000000045e+02 2.239899999999999523e+02 1.203633333333333155e+02 2.794333333333333513e+01 5.475499999999999545e+01 2.844999999999999929e+01 6.121499999999999631e+01 2.330449999999999733e+01
5.916000000000000369e+01 3.830799999999999841e+02 2.767799999999999159e+02 1.203633333333333155e+02 3.667999999999999972e+01 5.546000000000000085e+01 2.308500000000000085e+01 6.157750000000000057e+01 2.122999999999999687e+01
7.530500000000000682e+01 3.828399999999999750e+02 2.298633333333333155e+02 1.203633333333333155e+02 5.348333333333333428e+01 7.252999999999998693e+01 5.864000000000000767e+01 9.244000000000002615e+01 2.122999999999999687e+01
7.093000000000000682e+01 3.818466666666666356e+02 2.298633333333333155e+02 1.203633333333333155e+02 5.348333333333333428e+01 7.252999999999998693e+01 5.864000000000000767e+01 9.244000000000002615e+01 2.122999999999999687e+01
6.294749999999999091e+01 3.824399999999999977e+02 2.298633333333333155e+02 1.203633333333333155e+02 5.348333333333333428e+01 7.252999999999998693e+01 5.864000000000000767e+01 9.244000000000002615e+01 2.122999999999999687e+01
5.657999999999999829e+01 3.823999999999999773e+02 2.580666666666666629e+02 3.458700000000000045e+02 3.325000000000000711e+01 3.814000000000000057e+01 1.336999999999999922e+01 1.020099999999999767e+02 2.122999999999999687e+01
6.957499999999998863e+01 3.823999999999999773e+02 2.671299999999999955e+02 3.154999999999999361e+01 9.209000000000000341e+01 1.207700000000000102e+02 8.136000000000001364e+01 1.020099999999999767e+02 2.122999999999999687e+01
5.880200000000000671e+01 3.820000000000000000e+02 2.032333333333334053e+02 1.677666666666665947e+02 4.770333333333331183e+01 4.200000000000000000e+01 4.275666666666666060e+01 8.852999999999998693e+01 1.437800000000000011e+01
5.687500000000000000e+01 3.820000000000000000e+02 1.753200000000000216e+02 9.619000000000001194e+01 4.252999999999999403e+01 5.107500000000000284e+01 2.582499999999999929e+01 9.094000000000001194e+01 1.437800000000000011e+01
5.687500000000000000e+01 3.820000000000000000e+02 1.753200000000000216e+02 9.619000000000001194e+01 4.252999999999999403e+01 5.107500000000000284e+01 2.582499999999999929e+01 9.094000000000001194e+01 1.437800000000000011e+01
5.687500000000000000e+01 3.820000000000000000e+02 1.753200000000000216e+02 9.619000000000001194e+01 4.252999999999999403e+01 5.107500000000000284e+01 2.582499999999999929e+01 9.094000000000001194e+01 1.437800000000000011e+01
5.829999999999999716e+01 3.831200000000000045e+02 2.054425000000000239e+02 1.346724999999999852e+02 2.691000000000000369e+01 4.710333333333332462e+01 2.739249999999999474e+01 3.168333333333333002e+01 1.665700000000000003e+01
5.778250000000000597e+01 3.828249999999999886e+02 2.017299999999999898e+02 1.346724999999999852e+02 5.617666666666666941e+01 7.676000000000000512e+01 4.132999999999999829e+01 1.361500000000000057e+02 2.911700000000000088e+01
5.159666666666667112e+01 3.828399999999999750e+02 1.675866666666666163e+02 1.346724999999999852e+02 1.432499999999999929e+01 2.186999999999999744e+01 8.769999999999999574e+00 2.025000000000000000e+01 2.911700000000000088e+01
6.389000000000001478e+01 3.812799999999999727e+02 1.675866666666666163e+02 1.346724999999999852e+02 1.432499999999999929e+01 2.186999999999999744e+01 8.769999999999999574e+00 2.025000000000000000e+01 2.911700000000000088e+01
6.051799999999999358e+01 3.824399999999999977e+02 1.675866666666666163e+02 1.346724999999999852e+02 1.432499999999999929e+01 2.186999999999999744e+01 8.769999999999999574e+00 2.025000000000000000e+01 2.911700000000000088e+01
